VC 400
EC 760
DMC 3
SC 1
NL 0
QN 1
ED 0 20 47
ED 0 1 72
ED 1 21 56
ED 1 2 6
ED 2 22 22
ED 2 3 42
ED 3 23 59
ED 3 4 21
ED 4 24 37
ED 4 5 49
ED 5 25 77
ED 5 6 65
ED 6 26 14
ED 6 7 61
ED 7 27 84
ED 7 8 47
ED 8 28 37
ED 8 9 57
ED 9 29 74
ED 9 10 8
ED 10 30 18
ED 10 11 30
ED 11 31 30
ED 11 12 7
ED 12 32 28
ED 12 13 47
ED 13 33 69
ED 13 14 97
ED 14 34 46
ED 14 15 76
ED 15 35 45
ED 15 16 74
ED 16 36 57
ED 16 17 61
ED 17 37 16
ED 17 18 37
ED 18 38 49
ED 18 19 55
ED 19 39 36
ED 20 40 40
ED 20 21 31
ED 21 41 46
ED 21 22 37
ED 22 42 35
ED 22 23 40
ED 23 43 8
ED 23 24 29
ED 24 44 59
ED 24 25 72
ED 25 45 53
ED 25 26 67
ED 26 46 81
ED 26 27 65
ED 27 47 18
ED 27 28 60
ED 28 48 30
ED 28 29 49
ED 29 49 22
ED 29 30 70
ED 30 50 29
ED 30 31 10
ED 31 51 60
ED 31 32 52
ED 32 52 28
ED 32 33 40
ED 33 53 42
ED 33 34 19
ED 34 54 30
ED 34 35 22
ED 35 55 33
ED 35 36 19
ED 36 56 36
ED 36 37 47
ED 37 57 41
ED 37 38 7
ED 38 58 61
ED 38 39 33
ED 39 59 21
ED 40 60 67
ED 40 41 70
ED 41 61 1
ED 41 42 5
ED 42 62 44
ED 42 43 79
ED 43 63 55
ED 43 44 55
ED 44 64 55
ED 44 45 57
ED 45 65 17
ED 45 46 15
ED 46 66 49
ED 46 47 28
ED 47 67 23
ED 47 48 15
ED 48 68 34
ED 48 49 60
ED 49 69 28
ED 49 50 41
ED 50 70 60
ED 50 51 51
ED 51 71 30
ED 51 52 31
ED 52 72 22
ED 52 53 49
ED 53 73 42
ED 53 54 21
ED 54 74 66
ED 54 55 21
ED 55 75 61
ED 55 56 41
ED 56 76 50
ED 56 57 49
ED 57 77 48
ED 57 58 81
ED 58 78 48
ED 58 59 54
ED 59 79 52
ED 60 80 72
ED 60 61 23
ED 61 81 23
ED 61 62 38
ED 62 82 15
ED 62 63 23
ED 63 83 23
ED 63 64 23
ED 64 84 25
ED 64 65 2
ED 65 85 45
ED 65 66 18
ED 66 86 25
ED 66 67 60
ED 67 87 10
ED 67 68 39
ED 68 88 54
ED 68 69 23
ED 69 89 70
ED 69 70 6
ED 70 90 67
ED 70 71 5
ED 71 91 22
ED 71 72 38
ED 72 92 63
ED 72 73 26
ED 73 93 26
ED 73 74 50
ED 74 94 25
ED 74 75 22
ED 75 95 83
ED 75 76 72
ED 76 96 36
ED 76 77 36
ED 77 97 37
ED 77 78 35
ED 78 98 36
ED 78 79 21
ED 79 99 26
ED 80 100 44
ED 80 81 70
ED 81 101 46
ED 81 82 32
ED 82 102 25
ED 82 83 46
ED 83 103 43
ED 83 84 42
ED 84 104 21
ED 84 85 23
ED 85 105 79
ED 85 86 51
ED 86 106 23
ED 86 87 27
ED 87 107 21
ED 87 88 21
ED 88 108 60
ED 88 89 8
ED 89 109 46
ED 89 90 35
ED 90 110 27
ED 90 91 45
ED 91 111 7
ED 91 92 58
ED 92 112 77
ED 92 93 68
ED 93 113 75
ED 93 94 69
ED 94 114 37
ED 94 95 82
ED 95 115 51
ED 95 96 44
ED 96 116 12
ED 96 97 35
ED 97 117 56
ED 97 98 13
ED 98 118 19
ED 98 99 70
ED 99 119 34
ED 100 120 29
ED 100 101 51
ED 101 121 11
ED 101 102 10
ED 102 122 8
ED 102 103 21
ED 103 123 64
ED 103 104 21
ED 104 124 19
ED 104 105 41
ED 105 125 52
ED 105 106 24
ED 106 126 14
ED 106 107 18
ED 107 127 41
ED 107 108 72
ED 108 128 73
ED 108 109 21
ED 109 129 52
ED 109 110 62
ED 110 130 10
ED 110 111 61
ED 111 131 23
ED 111 112 18
ED 112 132 68
ED 112 113 25
ED 113 133 37
ED 113 114 45
ED 114 134 52
ED 114 115 38
ED 115 135 48
ED 115 116 21
ED 116 136 42
ED 116 117 34
ED 117 137 28
ED 117 118 61
ED 118 138 58
ED 118 119 41
ED 119 139 47
ED 120 140 55
ED 120 121 67
ED 121 141 27
ED 121 122 22
ED 122 142 82
ED 122 123 81
ED 123 143 52
ED 123 124 55
ED 124 144 76
ED 124 125 21
ED 125 145 40
ED 125 126 30
ED 126 146 21
ED 126 127 49
ED 127 147 41
ED 127 128 52
ED 128 148 40
ED 128 129 22
ED 129 149 28
ED 129 130 21
ED 130 150 52
ED 130 131 76
ED 131 151 71
ED 131 132 73
ED 132 152 49
ED 132 133 36
ED 133 153 42
ED 133 134 35
ED 134 154 67
ED 134 135 60
ED 135 155 67
ED 135 136 70
ED 136 156 26
ED 136 137 44
ED 137 157 82
ED 137 138 39
ED 138 158 51
ED 138 139 65
ED 139 159 55
ED 140 160 49
ED 140 141 43
ED 141 161 43
ED 141 142 90
ED 142 162 45
ED 142 143 57
ED 143 163 51
ED 143 144 86
ED 144 164 94
ED 144 145 35
ED 145 165 41
ED 145 146 9
ED 146 166 24
ED 146 147 36
ED 147 167 1
ED 147 148 29
ED 148 168 15
ED 148 149 34
ED 149 169 47
ED 149 150 26
ED 150 170 15
ED 150 151 46
ED 151 171 66
ED 151 152 48
ED 152 172 56
ED 152 153 44
ED 153 173 74
ED 153 154 8
ED 154 174 47
ED 154 155 83
ED 155 175 74
ED 155 156 46
ED 156 176 36
ED 156 157 62
ED 157 177 8
ED 157 158 41
ED 158 178 28
ED 158 159 43
ED 159 179 44
ED 160 180 44
ED 160 161 50
ED 161 181 23
ED 161 162 18
ED 162 182 55
ED 162 163 47
ED 163 183 33
ED 163 164 48
ED 164 184 86
ED 164 165 33
ED 165 185 45
ED 165 166 27
ED 166 186 49
ED 166 167 26
ED 167 187 21
ED 167 168 43
ED 168 188 69
ED 168 169 73
ED 169 189 59
ED 169 170 26
ED 170 190 45
ED 170 171 54
ED 171 191 29
ED 171 172 85
ED 172 192 74
ED 172 173 86
ED 173 193 16
ED 173 174 61
ED 174 194 33
ED 174 175 91
ED 175 195 78
ED 175 176 39
ED 176 196 41
ED 176 177 58
ED 177 197 55
ED 177 178 7
ED 178 198 21
ED 178 179 29
ED 179 199 65
ED 180 200 14
ED 180 181 28
ED 181 201 52
ED 181 182 67
ED 182 202 61
ED 182 183 29
ED 183 203 8
ED 183 184 49
ED 184 204 63
ED 184 185 51
ED 185 205 57
ED 185 186 11
ED 186 206 11
ED 186 187 3
ED 187 207 53
ED 187 188 42
ED 188 208 52
ED 188 189 73
ED 189 209 13
ED 189 190 68
ED 190 210 64
ED 190 191 31
ED 191 211 37
ED 191 192 33
ED 192 212 47
ED 192 193 42
ED 193 213 50
ED 193 194 31
ED 194 214 23
ED 194 195 40
ED 195 215 70
ED 195 196 43
ED 196 216 67
ED 196 197 55
ED 197 217 38
ED 197 198 30
ED 198 218 19
ED 198 199 70
ED 199 219 37
ED 200 220 38
ED 200 201 70
ED 201 221 77
ED 201 202 53
ED 202 222 14
ED 202 203 40
ED 203 223 24
ED 203 204 30
ED 204 224 15
ED 204 205 69
ED 205 225 2
ED 205 206 47
ED 206 226 19
ED 206 207 48
ED 207 227 16
ED 207 208 51
ED 208 228 48
ED 208 209 18
ED 209 229 57
ED 209 210 54
ED 210 230 30
ED 210 211 50
ED 211 231 18
ED 211 212 28
ED 212 232 42
ED 212 213 48
ED 213 233 32
ED 213 214 18
ED 214 234 40
ED 214 215 43
ED 215 235 51
ED 215 216 51
ED 216 236 55
ED 216 217 52
ED 217 237 28
ED 217 218 12
ED 218 238 53
ED 218 219 51
ED 219 239 25
ED 220 240 59
ED 220 221 17
ED 221 241 17
ED 221 222 32
ED 222 242 49
ED 222 223 50
ED 223 243 21
ED 223 224 36
ED 224 244 27
ED 224 225 80
ED 225 245 66
ED 225 226 49
ED 226 246 54
ED 226 227 30
ED 227 247 50
ED 227 228 54
ED 228 248 26
ED 228 229 28
ED 229 249 76
ED 229 230 38
ED 230 250 17
ED 230 231 24
ED 231 251 21
ED 231 232 4
ED 232 252 50
ED 232 233 47
ED 233 253 20
ED 233 234 27
ED 234 254 39
ED 234 235 49
ED 235 255 20
ED 235 236 26
ED 236 256 27
ED 236 237 34
ED 237 257 25
ED 237 238 29
ED 238 258 81
ED 238 239 58
ED 239 259 56
ED 240 260 10
ED 240 241 27
ED 241 261 38
ED 241 242 33
ED 242 262 34
ED 242 243 10
ED 243 263 42
ED 243 244 41
ED 244 264 38
ED 244 245 31
ED 245 265 20
ED 245 246 71
ED 246 266 65
ED 246 247 79
ED 247 267 77
ED 247 248 80
ED 248 268 33
ED 248 249 85
ED 249 269 63
ED 249 250 66
ED 250 270 49
ED 250 251 44
ED 251 271 52
ED 251 252 61
ED 252 272 29
ED 252 253 6
ED 253 273 52
ED 253 254 52
ED 254 274 38
ED 254 255 23
ED 255 275 38
ED 255 256 34
ED 256 276 54
ED 256 257 19
ED 257 277 10
ED 257 258 59
ED 258 278 14
ED 258 259 82
ED 259 279 65
ED 260 280 37
ED 260 261 52
ED 261 281 21
ED 261 262 32
ED 262 282 16
ED 262 263 55
ED 263 283 38
ED 263 264 4
ED 264 284 33
ED 264 265 52
ED 265 285 21
ED 265 266 33
ED 266 286 62
ED 266 267 62
ED 267 287 79
ED 267 268 38
ED 268 288 41
ED 268 269 34
ED 269 289 49
ED 269 270 44
ED 270 290 55
ED 270 271 12
ED 271 291 14
ED 271 272 9
ED 272 292 24
ED 272 273 26
ED 273 293 18
ED 273 274 11
ED 274 294 32
ED 274 275 55
ED 275 295 39
ED 275 276 55
ED 276 296 43
ED 276 277 32
ED 277 297 32
ED 277 278 59
ED 278 298 78
ED 278 279 50
ED 279 299 49
ED 280 300 15
ED 280 281 20
ED 281 301 22
ED 281 282 25
ED 282 302 26
ED 282 283 71
ED 283 303 21
ED 283 284 1
ED 284 304 41
ED 284 285 68
ED 285 305 75
ED 285 286 81
ED 286 306 46
ED 286 287 67
ED 287 307 5
ED 287 288 66
ED 288 308 41
ED 288 289 54
ED 289 309 35
ED 289 290 61
ED 290 310 31
ED 290 291 62
ED 291 311 35
ED 291 292 26
ED 292 312 50
ED 292 293 53
ED 293 313 64
ED 293 294 55
ED 294 314 47
ED 294 295 52
ED 295 315 13
ED 295 296 18
ED 296 316 10
ED 296 297 44
ED 297 317 22
ED 297 298 51
ED 298 318 62
ED 298 299 29
ED 299 319 23
ED 300 320 54
ED 300 301 30
ED 301 321 50
ED 301 302 21
ED 302 322 35
ED 302 303 52
ED 303 323 60
ED 303 304 23
ED 304 324 24
ED 304 305 52
ED 305 325 47
ED 305 306 48
ED 306 326 36
ED 306 307 55
ED 307 327 65
ED 307 308 42
ED 308 328 53
ED 308 309 37
ED 309 329 77
ED 309 310 54
ED 310 330 70
ED 310 311 26
ED 311 331 40
ED 311 312 55
ED 312 332 58
ED 312 313 75
ED 313 333 47
ED 313 314 54
ED 314 334 29
ED 314 315 57
ED 315 335 39
ED 315 316 6
ED 316 336 24
ED 316 317 24
ED 317 337 42
ED 317 318 22
ED 318 338 54
ED 318 319 42
ED 319 339 29
ED 320 340 30
ED 320 321 17
ED 321 341 62
ED 321 322 64
ED 322 342 48
ED 322 323 17
ED 323 343 20
ED 323 324 15
ED 324 344 66
ED 324 325 29
ED 325 345 37
ED 325 326 33
ED 326 346 7
ED 326 327 45
ED 327 347 40
ED 327 328 26
ED 328 348 72
ED 328 329 95
ED 329 349 78
ED 329 330 94
ED 330 350 68
ED 330 331 94
ED 331 351 18
ED 331 332 39
ED 332 352 47
ED 332 333 76
ED 333 353 50
ED 333 334 85
ED 334 354 5
ED 334 335 57
ED 335 355 35
ED 335 336 16
ED 336 356 31
ED 336 337 8
ED 337 357 33
ED 337 338 31
ED 338 358 47
ED 338 339 20
ED 339 359 33
ED 340 360 40
ED 340 341 16
ED 341 361 92
ED 341 342 71
ED 342 362 76
ED 342 343 13
ED 343 363 43
ED 343 344 75
ED 344 364 52
ED 344 345 74
ED 345 365 54
ED 345 346 63
ED 346 366 12
ED 346 347 28
ED 347 367 31
ED 347 348 24
ED 348 368 14
ED 348 349 54
ED 349 369 91
ED 349 350 51
ED 350 370 33
ED 350 351 13
ED 351 371 55
ED 351 352 15
ED 352 372 48
ED 352 353 12
ED 353 373 7
ED 353 354 72
ED 354 374 84
ED 354 355 74
ED 355 375 34
ED 355 356 49
ED 356 376 44
ED 356 357 16
ED 357 377 32
ED 357 358 38
ED 358 378 41
ED 358 359 27
ED 359 379 15
ED 360 380 23
ED 360 361 58
ED 361 381 45
ED 361 362 97
ED 362 382 72
ED 362 363 49
ED 363 383 24
ED 363 364 39
ED 364 384 58
ED 364 365 17
ED 365 385 68
ED 365 366 89
ED 366 386 46
ED 366 367 67
ED 367 387 66
ED 367 368 51
ED 368 388 62
ED 368 369 65
ED 369 389 59
ED 369 370 9
ED 370 390 53
ED 370 371 64
ED 371 391 13
ED 371 372 59
ED 372 392 58
ED 372 373 29
ED 373 393 65
ED 373 374 21
ED 374 394 75
ED 374 375 20
ED 375 395 38
ED 375 376 14
ED 376 396 62
ED 376 377 27
ED 377 397 32
ED 377 378 33
ED 378 398 70
ED 378 379 50
ED 379 399 34
ED 380 381 12
ED 381 382 26
ED 382 383 3
ED 383 384 44
ED 384 385 6
ED 385 386 29
ED 386 387 33
ED 387 388 70
ED 388 389 55
ED 389 390 50
ED 390 391 5
ED 391 392 26
ED 392 393 58
ED 393 394 27
ED 394 395 42
ED 395 396 30
ED 396 397 31
ED 397 398 51
ED 398 399 26
DM 1 18 1000 
DM 2 262 1000 
DM 3 130 1000 
SD 1 301
