VC 100
EC 99
DMC 4
SC 1
NL 0
QN 1
ED 0 1 74
ED 1 2 82
ED 2 3 157
ED 3 4 38
ED 4 5 130
ED 5 6 86
ED 6 7 100
ED 7 8 166
ED 8 9 50
ED 9 10 127
ED 10 11 141
ED 11 12 56
ED 12 13 118
ED 13 14 110
ED 14 15 115
ED 15 16 135
ED 16 17 61
ED 17 18 95
ED 18 19 125
ED 19 20 84
ED 20 21 102
ED 21 22 132
ED 22 23 130
ED 23 24 33
ED 24 25 131
ED 25 26 95
ED 26 27 155
ED 27 28 61
ED 28 29 149
ED 29 30 111
ED 30 31 51
ED 31 32 153
ED 32 33 116
ED 33 34 93
ED 34 35 98
ED 35 36 75
ED 36 37 144
ED 37 38 62
ED 38 39 152
ED 39 40 62
ED 40 41 168
ED 41 42 31
ED 42 43 141
ED 43 44 139
ED 44 45 70
ED 45 46 136
ED 46 47 61
ED 47 48 128
ED 48 49 111
ED 49 50 82
ED 50 51 113
ED 51 52 132
ED 52 53 96
ED 53 54 106
ED 54 55 102
ED 55 56 96
ED 56 57 102
ED 57 58 107
ED 58 59 113
ED 59 60 51
ED 60 61 109
ED 61 62 101
ED 62 63 106
ED 63 64 91
ED 64 65 164
ED 65 66 90
ED 66 67 114
ED 67 68 109
ED 68 69 107
ED 69 70 107
ED 70 71 79
ED 71 72 157
ED 72 73 64
ED 73 74 119
ED 74 75 129
ED 75 76 117
ED 76 77 105
ED 77 78 94
ED 78 79 145
ED 79 80 107
ED 80 81 25
ED 81 82 150
ED 82 83 94
ED 83 84 116
ED 84 85 113
ED 85 86 81
ED 86 87 152
ED 87 88 48
ED 88 89 95
ED 89 90 164
ED 90 91 85
ED 91 92 110
ED 92 93 62
ED 93 94 119
ED 94 95 137
ED 95 96 79
ED 96 97 109
ED 97 98 160
ED 98 99 41
DM 1 57 1000 
DM 2 85 1000 
DM 3 55 1000 
DM 4 63 1000 
SD 1 78
