VC 100
EC 180
DMC 5
SC 1
NL 0
QN 1
ED 0 10 30
ED 0 1 46
ED 1 11 37
ED 1 2 12
ED 2 12 38
ED 2 3 45
ED 3 13 53
ED 3 4 26
ED 4 14 39
ED 4 5 66
ED 5 15 28
ED 5 6 26
ED 6 16 32
ED 6 7 43
ED 7 17 39
ED 7 8 29
ED 8 18 28
ED 8 9 37
ED 9 19 4
ED 10 20 32
ED 10 11 45
ED 11 21 55
ED 11 12 44
ED 12 22 47
ED 12 13 20
ED 13 23 20
ED 13 14 57
ED 14 24 74
ED 14 15 24
ED 15 25 16
ED 15 16 36
ED 16 26 41
ED 16 17 15
ED 17 27 40
ED 17 18 17
ED 18 28 24
ED 18 19 46
ED 19 29 33
ED 20 30 36
ED 20 21 17
ED 21 31 46
ED 21 22 58
ED 22 32 45
ED 22 23 18
ED 23 33 35
ED 23 24 30
ED 24 34 17
ED 24 25 36
ED 25 35 50
ED 25 26 38
ED 26 36 69
ED 26 27 76
ED 27 37 70
ED 27 28 54
ED 28 38 64
ED 28 29 34
ED 29 39 10
ED 30 40 23
ED 30 31 70
ED 31 41 34
ED 31 32 55
ED 32 42 47
ED 32 33 8
ED 33 43 41
ED 33 34 20
ED 34 44 4
ED 34 35 66
ED 35 45 72
ED 35 36 58
ED 36 46 33
ED 36 37 59
ED 37 47 22
ED 37 38 42
ED 38 48 12
ED 38 39 38
ED 39 49 32
ED 40 50 32
ED 40 41 45
ED 41 51 25
ED 41 42 34
ED 42 52 6
ED 42 43 44
ED 43 53 38
ED 43 44 35
ED 44 54 9
ED 44 45 14
ED 45 55 50
ED 45 46 19
ED 46 56 21
ED 46 47 34
ED 47 57 58
ED 47 48 33
ED 48 58 74
ED 48 49 27
ED 49 59 38
ED 50 60 3
ED 50 51 54
ED 51 61 26
ED 51 52 57
ED 52 62 54
ED 52 53 23
ED 53 63 38
ED 53 54 27
ED 54 64 22
ED 54 55 44
ED 55 65 28
ED 55 56 20
ED 56 66 29
ED 56 57 59
ED 57 67 48
ED 57 58 70
ED 58 68 26
ED 58 59 37
ED 59 69 55
ED 60 70 29
ED 60 61 31
ED 61 71 35
ED 61 62 33
ED 62 72 7
ED 62 63 18
ED 63 73 31
ED 63 64 57
ED 64 74 53
ED 64 65 32
ED 65 75 38
ED 65 66 23
ED 66 76 53
ED 66 67 29
ED 67 77 22
ED 67 68 17
ED 68 78 63
ED 68 69 67
ED 69 79 41
ED 70 80 52
ED 70 71 39
ED 71 81 12
ED 71 72 28
ED 72 82 71
ED 72 73 50
ED 73 83 66
ED 73 74 18
ED 74 84 30
ED 74 75 44
ED 75 85 71
ED 75 76 49
ED 76 86 12
ED 76 77 30
ED 77 87 31
ED 77 78 55
ED 78 88 56
ED 78 79 38
ED 79 89 25
ED 80 90 52
ED 80 81 56
ED 81 91 48
ED 81 82 81
ED 82 92 42
ED 82 83 83
ED 83 93 27
ED 83 84 42
ED 84 94 29
ED 84 85 32
ED 85 95 45
ED 85 86 53
ED 86 96 35
ED 86 87 65
ED 87 97 39
ED 87 88 20
ED 88 98 35
ED 88 89 48
ED 89 99 14
ED 90 91 36
ED 91 92 44
ED 92 93 28
ED 93 94 46
ED 94 95 41
ED 95 96 38
ED 96 97 47
ED 97 98 26
ED 98 99 29
DM 1 3 1000 
DM 2 72 1000 
DM 3 83 1000 
DM 4 79 1000 
DM 5 81 1000 
SD 1 30
