VC 100
EC 261
DMC 4
SC 1
NL 0
QN 1
ED 0 10 141
ED 0 1 209
ED 1 11 238
ED 1 2 153
ED 1 10 190
ED 2 12 185
ED 2 3 252
ED 3 13 217
ED 3 4 206
ED 3 12 168
ED 4 14 181
ED 4 5 241
ED 5 15 195
ED 5 6 219
ED 5 14 101
ED 6 16 140
ED 6 7 193
ED 7 17 215
ED 7 8 204
ED 7 16 169
ED 8 18 186
ED 8 9 189
ED 9 19 224
ED 9 18 204
ED 10 20 236
ED 10 11 222
ED 11 21 190
ED 11 12 223
ED 11 20 172
ED 12 22 233
ED 12 13 236
ED 12 1 141
ED 13 23 149
ED 13 14 302
ED 13 22 131
ED 14 24 211
ED 14 15 223
ED 14 3 186
ED 15 25 137
ED 15 16 269
ED 15 24 110
ED 16 26 218
ED 16 17 227
ED 16 5 166
ED 17 27 166
ED 17 18 207
ED 17 26 142
ED 18 28 231
ED 18 19 211
ED 18 7 135
ED 19 29 188
ED 19 28 140
ED 20 30 194
ED 20 21 200
ED 21 31 190
ED 21 22 189
ED 21 30 176
ED 22 32 177
ED 22 23 169
ED 22 11 164
ED 23 33 264
ED 23 24 248
ED 23 32 155
ED 24 34 200
ED 24 25 191
ED 24 13 203
ED 25 35 224
ED 25 26 197
ED 25 34 149
ED 26 36 239
ED 26 27 186
ED 26 15 190
ED 27 37 240
ED 27 28 183
ED 27 36 216
ED 28 38 197
ED 28 29 181
ED 28 17 182
ED 29 39 202
ED 29 38 183
ED 30 40 216
ED 30 31 226
ED 31 41 247
ED 31 32 159
ED 31 40 239
ED 32 42 243
ED 32 33 280
ED 32 21 137
ED 33 43 190
ED 33 34 251
ED 33 42 188
ED 34 44 195
ED 34 35 184
ED 34 23 220
ED 35 45 228
ED 35 36 179
ED 35 44 171
ED 36 46 154
ED 36 37 245
ED 36 25 166
ED 37 47 203
ED 37 38 174
ED 37 46 177
ED 38 48 155
ED 38 39 175
ED 38 27 177
ED 39 49 214
ED 39 48 141
ED 40 50 147
ED 40 41 230
ED 41 51 199
ED 41 42 193
ED 41 50 167
ED 42 52 172
ED 42 43 188
ED 42 31 152
ED 43 53 149
ED 43 44 242
ED 43 52 165
ED 44 54 231
ED 44 45 275
ED 44 33 89
ED 45 55 220
ED 45 46 237
ED 45 54 183
ED 46 56 210
ED 46 47 226
ED 46 35 186
ED 47 57 174
ED 47 48 229
ED 47 56 196
ED 48 58 252
ED 48 49 238
ED 48 37 114
ED 49 59 176
ED 49 58 204
ED 50 60 221
ED 50 51 255
ED 51 61 187
ED 51 52 195
ED 51 60 125
ED 52 62 231
ED 52 53 219
ED 52 41 111
ED 53 63 248
ED 53 54 171
ED 53 62 154
ED 54 64 191
ED 54 55 238
ED 54 43 157
ED 55 65 153
ED 55 56 235
ED 55 64 150
ED 56 66 231
ED 56 57 258
ED 56 45 105
ED 57 67 207
ED 57 58 142
ED 57 66 211
ED 58 68 203
ED 58 59 162
ED 58 47 142
ED 59 69 233
ED 59 68 189
ED 60 70 255
ED 60 61 196
ED 61 71 186
ED 61 62 234
ED 61 70 164
ED 62 72 188
ED 62 63 167
ED 62 51 187
ED 63 73 150
ED 63 64 229
ED 63 72 102
ED 64 74 182
ED 64 65 238
ED 64 53 151
ED 65 75 185
ED 65 66 156
ED 65 74 179
ED 66 76 206
ED 66 67 181
ED 66 55 154
ED 67 77 249
ED 67 68 170
ED 67 76 172
ED 68 78 217
ED 68 69 208
ED 68 57 134
ED 69 79 186
ED 69 78 160
ED 70 80 135
ED 70 71 173
ED 71 81 215
ED 71 72 225
ED 71 80 181
ED 72 82 177
ED 72 73 126
ED 72 61 199
ED 73 83 211
ED 73 74 235
ED 73 82 141
ED 74 84 258
ED 74 75 219
ED 74 63 172
ED 75 85 249
ED 75 76 142
ED 75 84 227
ED 76 86 210
ED 76 77 209
ED 76 65 137
ED 77 87 208
ED 77 78 234
ED 77 86 98
ED 78 88 169
ED 78 79 189
ED 78 67 216
ED 79 89 239
ED 79 88 230
ED 80 90 204
ED 80 81 217
ED 81 91 228
ED 81 82 248
ED 81 90 122
ED 82 92 267
ED 82 83 222
ED 82 71 136
ED 83 93 256
ED 83 84 142
ED 83 92 203
ED 84 94 218
ED 84 85 236
ED 84 73 198
ED 85 95 166
ED 85 86 210
ED 85 94 166
ED 86 96 212
ED 86 87 189
ED 86 75 193
ED 87 97 141
ED 87 88 223
ED 87 96 146
ED 88 98 173
ED 88 89 265
ED 88 77 147
ED 89 99 196
ED 89 98 182
ED 90 91 250
ED 91 92 203
ED 92 93 169
ED 92 81 216
ED 93 94 238
ED 94 95 140
ED 94 83 202
ED 95 96 178
ED 96 97 166
ED 96 85 138
ED 97 98 220
ED 98 99 226
ED 98 87 161
DM 1 37 1000 
DM 2 79 1000 
DM 3 14 1000 
DM 4 32 1000 
SD 1 29
