VC 400
EC 399
DMC 5
SC 1
NL 0
QN 1
ED 0 1 78
ED 1 2 86
ED 2 3 116
ED 3 4 122
ED 4 5 103
ED 5 6 85
ED 6 7 91
ED 7 8 113
ED 8 9 127
ED 9 10 118
ED 10 11 103
ED 11 12 117
ED 12 13 81
ED 13 14 133
ED 14 15 108
ED 15 16 94
ED 16 17 111
ED 17 18 61
ED 18 19 93
ED 19 20 111
ED 20 21 162
ED 21 22 97
ED 22 23 55
ED 23 24 129
ED 24 25 136
ED 25 26 69
ED 26 27 153
ED 27 28 99
ED 28 29 71
ED 29 30 131
ED 30 31 73
ED 31 32 172
ED 32 33 62
ED 33 34 139
ED 34 35 125
ED 35 36 78
ED 36 37 106
ED 37 38 91
ED 38 39 135
ED 39 40 84
ED 40 41 130
ED 41 42 140
ED 42 43 81
ED 43 44 144
ED 44 45 68
ED 45 46 111
ED 46 47 130
ED 47 48 107
ED 48 49 82
ED 49 50 65
ED 50 51 146
ED 51 52 118
ED 52 53 115
ED 53 54 87
ED 54 55 123
ED 55 56 70
ED 56 57 146
ED 57 58 136
ED 58 59 65
ED 59 60 189
ED 60 61 62
ED 61 62 138
ED 62 63 88
ED 63 64 95
ED 64 65 97
ED 65 66 114
ED 66 67 137
ED 67 68 86
ED 68 69 102
ED 69 70 56
ED 70 71 89
ED 71 72 145
ED 72 73 128
ED 73 74 93
ED 74 75 58
ED 75 76 158
ED 76 77 89
ED 77 78 103
ED 78 79 107
ED 79 80 93
ED 80 81 112
ED 81 82 98
ED 82 83 89
ED 83 84 94
ED 84 85 111
ED 85 86 144
ED 86 87 120
ED 87 88 100
ED 88 89 104
ED 89 90 114
ED 90 91 104
ED 91 92 99
ED 92 93 109
ED 93 94 42
ED 94 95 147
ED 95 96 132
ED 96 97 87
ED 97 98 93
ED 98 99 88
ED 99 100 119
ED 100 101 88
ED 101 102 89
ED 102 103 147
ED 103 104 119
ED 104 105 105
ED 105 106 107
ED 106 107 79
ED 107 108 112
ED 108 109 116
ED 109 110 82
ED 110 111 155
ED 111 112 94
ED 112 113 118
ED 113 114 116
ED 114 115 113
ED 115 116 96
ED 116 117 92
ED 117 118 112
ED 118 119 50
ED 119 120 122
ED 120 121 91
ED 121 122 127
ED 122 123 102
ED 123 124 85
ED 124 125 120
ED 125 126 133
ED 126 127 92
ED 127 128 71
ED 128 129 165
ED 129 130 102
ED 130 131 61
ED 131 132 121
ED 132 133 119
ED 133 134 105
ED 134 135 121
ED 135 136 40
ED 136 137 132
ED 137 138 140
ED 138 139 102
ED 139 140 122
ED 140 141 77
ED 141 142 116
ED 142 143 97
ED 143 144 101
ED 144 145 142
ED 145 146 83
ED 146 147 110
ED 147 148 117
ED 148 149 46
ED 149 150 158
ED 150 151 27
ED 151 152 160
ED 152 153 46
ED 153 154 147
ED 154 155 65
ED 155 156 177
ED 156 157 91
ED 157 158 111
ED 158 159 39
ED 159 160 158
ED 160 161 67
ED 161 162 85
ED 162 163 112
ED 163 164 149
ED 164 165 99
ED 165 166 94
ED 166 167 84
ED 167 168 115
ED 168 169 96
ED 169 170 147
ED 170 171 81
ED 171 172 70
ED 172 173 149
ED 173 174 88
ED 174 175 156
ED 175 176 27
ED 176 177 145
ED 177 178 102
ED 178 179 120
ED 179 180 45
ED 180 181 144
ED 181 182 118
ED 182 183 110
ED 183 184 77
ED 184 185 111
ED 185 186 87
ED 186 187 124
ED 187 188 161
ED 188 189 112
ED 189 190 85
ED 190 191 104
ED 191 192 90
ED 192 193 157
ED 193 194 54
ED 194 195 101
ED 195 196 149
ED 196 197 69
ED 197 198 95
ED 198 199 135
ED 199 200 77
ED 200 201 126
ED 201 202 124
ED 202 203 109
ED 203 204 97
ED 204 205 103
ED 205 206 109
ED 206 207 119
ED 207 208 111
ED 208 209 95
ED 209 210 53
ED 210 211 158
ED 211 212 77
ED 212 213 142
ED 213 214 74
ED 214 215 112
ED 215 216 55
ED 216 217 117
ED 217 218 119
ED 218 219 132
ED 219 220 100
ED 220 221 105
ED 221 222 67
ED 222 223 177
ED 223 224 45
ED 224 225 108
ED 225 226 177
ED 226 227 94
ED 227 228 52
ED 228 229 116
ED 229 230 101
ED 230 231 142
ED 231 232 55
ED 232 233 121
ED 233 234 117
ED 234 235 82
ED 235 236 158
ED 236 237 111
ED 237 238 111
ED 238 239 67
ED 239 240 95
ED 240 241 111
ED 241 242 140
ED 242 243 86
ED 243 244 85
ED 244 245 125
ED 245 246 90
ED 246 247 137
ED 247 248 118
ED 248 249 121
ED 249 250 98
ED 250 251 111
ED 251 252 80
ED 252 253 109
ED 253 254 49
ED 254 255 131
ED 255 256 124
ED 256 257 92
ED 257 258 105
ED 258 259 117
ED 259 260 87
ED 260 261 121
ED 261 262 70
ED 262 263 164
ED 263 264 58
ED 264 265 133
ED 265 266 85
ED 266 267 104
ED 267 268 108
ED 268 269 188
ED 269 270 117
ED 270 271 77
ED 271 272 104
ED 272 273 145
ED 273 274 105
ED 274 275 103
ED 275 276 91
ED 276 277 85
ED 277 278 123
ED 278 279 130
ED 279 280 118
ED 280 281 91
ED 281 282 122
ED 282 283 101
ED 283 284 91
ED 284 285 96
ED 285 286 108
ED 286 287 160
ED 287 288 47
ED 288 289 138
ED 289 290 100
ED 290 291 114
ED 291 292 111
ED 292 293 104
ED 293 294 114
ED 294 295 121
ED 295 296 114
ED 296 297 69
ED 297 298 136
ED 298 299 126
ED 299 300 77
ED 300 301 136
ED 301 302 58
ED 302 303 126
ED 303 304 132
ED 304 305 93
ED 305 306 82
ED 306 307 120
ED 307 308 79
ED 308 309 118
ED 309 310 130
ED 310 311 88
ED 311 312 92
ED 312 313 73
ED 313 314 138
ED 314 315 64
ED 315 316 96
ED 316 317 135
ED 317 318 84
ED 318 319 138
ED 319 320 63
ED 320 321 147
ED 321 322 66
ED 322 323 96
ED 323 324 84
ED 324 325 104
ED 325 326 178
ED 326 327 74
ED 327 328 167
ED 328 329 26
ED 329 330 130
ED 330 331 106
ED 331 332 107
ED 332 333 128
ED 333 334 141
ED 334 335 64
ED 335 336 102
ED 336 337 150
ED 337 338 92
ED 338 339 73
ED 339 340 151
ED 340 341 98
ED 341 342 113
ED 342 343 69
ED 343 344 116
ED 344 345 134
ED 345 346 56
ED 346 347 141
ED 347 348 76
ED 348 349 86
ED 349 350 168
ED 350 351 97
ED 351 352 124
ED 352 353 65
ED 353 354 156
ED 354 355 27
ED 355 356 168
ED 356 357 65
ED 357 358 106
ED 358 359 171
ED 359 360 108
ED 360 361 99
ED 361 362 55
ED 362 363 153
ED 363 364 108
ED 364 365 87
ED 365 366 143
ED 366 367 81
ED 367 368 89
ED 368 369 109
ED 369 370 125
ED 370 371 135
ED 371 372 68
ED 372 373 72
ED 373 374 185
ED 374 375 42
ED 375 376 86
ED 376 377 126
ED 377 378 126
ED 378 379 66
ED 379 380 151
ED 380 381 88
ED 381 382 137
ED 382 383 104
ED 383 384 106
ED 384 385 72
ED 385 386 111
ED 386 387 119
ED 387 388 52
ED 388 389 150
ED 389 390 98
ED 390 391 88
ED 391 392 107
ED 392 393 80
ED 393 394 119
ED 394 395 101
ED 395 396 119
ED 396 397 125
ED 397 398 124
ED 398 399 68
DM 1 200 1000 
DM 2 326 1000 
DM 3 3 1000 
DM 4 47 1000 
DM 5 75 1000 
SD 1 242
