VC 25
EC 56
DMC 2
SC 1
NL 0
QN 1
ED 0 5 182
ED 0 1 221
ED 1 6 195
ED 1 2 230
ED 1 5 152
ED 2 7 242
ED 2 3 221
ED 3 8 193
ED 3 4 198
ED 3 7 154
ED 4 9 245
ED 5 10 163
ED 5 6 204
ED 6 11 223
ED 6 7 239
ED 6 10 111
ED 7 12 187
ED 7 8 173
ED 7 1 184
ED 8 13 237
ED 8 9 153
ED 8 12 211
ED 9 14 202
ED 9 3 179
ED 10 15 285
ED 10 11 238
ED 11 16 179
ED 11 12 236
ED 11 15 187
ED 12 17 199
ED 12 13 235
ED 12 6 140
ED 13 18 219
ED 13 14 190
ED 13 17 192
ED 14 19 142
ED 14 8 169
ED 15 20 162
ED 15 16 252
ED 16 21 162
ED 16 17 182
ED 16 20 204
ED 17 22 222
ED 17 18 235
ED 17 11 131
ED 18 23 191
ED 18 19 253
ED 18 22 131
ED 19 24 231
ED 19 13 128
ED 20 21 211
ED 21 22 172
ED 22 23 195
ED 22 16 130
ED 23 24 215
ED 24 18 155
DM 1 10 1000 
DM 2 13 1000 
SD 1 22
