VC 25
EC 40
DMC 5
SC 1
NL 0
QN 1
ED 0 5 49
ED 0 1 20
ED 1 6 47
ED 1 2 29
ED 2 7 25
ED 2 3 40
ED 3 8 33
ED 3 4 5
ED 4 9 43
ED 5 10 17
ED 5 6 65
ED 6 11 51
ED 6 7 68
ED 7 12 61
ED 7 8 29
ED 8 13 65
ED 8 9 68
ED 9 14 54
ED 10 15 39
ED 10 11 39
ED 11 16 69
ED 11 12 13
ED 12 17 51
ED 12 13 31
ED 13 18 69
ED 13 14 49
ED 14 19 42
ED 15 20 13
ED 15 16 68
ED 16 21 59
ED 16 17 36
ED 17 22 52
ED 17 18 22
ED 18 23 64
ED 18 19 61
ED 19 24 39
ED 20 21 12
ED 21 22 50
ED 22 23 17
ED 23 24 4
DM 1 18 1000 
DM 2 8 1000 
DM 3 3 1000 
DM 4 14 1000 
DM 5 17 1000 
SD 1 16
