VC 400
EC 1121
DMC 6
SC 1
NL 0
QN 1
ED 0 20 194
ED 0 1 165
ED 1 21 205
ED 1 2 245
ED 1 20 158
ED 2 22 210
ED 2 3 181
ED 3 23 253
ED 3 4 205
ED 3 22 203
ED 4 24 250
ED 4 5 199
ED 5 25 185
ED 5 6 234
ED 5 24 159
ED 6 26 144
ED 6 7 153
ED 7 27 237
ED 7 8 191
ED 7 26 171
ED 8 28 231
ED 8 9 194
ED 9 29 214
ED 9 10 155
ED 9 28 199
ED 10 30 147
ED 10 11 176
ED 11 31 164
ED 11 12 259
ED 11 30 158
ED 12 32 207
ED 12 13 164
ED 13 33 184
ED 13 14 210
ED 13 32 168
ED 14 34 172
ED 14 15 170
ED 15 35 243
ED 15 16 224
ED 15 34 156
ED 16 36 234
ED 16 17 188
ED 17 37 173
ED 17 18 220
ED 17 36 104
ED 18 38 241
ED 18 19 234
ED 19 39 149
ED 19 38 142
ED 20 40 203
ED 20 21 230
ED 21 41 191
ED 21 22 206
ED 21 40 126
ED 22 42 189
ED 22 23 224
ED 22 1 179
ED 23 43 182
ED 23 24 196
ED 23 42 136
ED 24 44 225
ED 24 25 189
ED 24 3 164
ED 25 45 188
ED 25 26 226
ED 25 44 210
ED 26 46 207
ED 26 27 218
ED 26 5 190
ED 27 47 181
ED 27 28 213
ED 27 46 170
ED 28 48 198
ED 28 29 119
ED 28 7 209
ED 29 49 252
ED 29 30 210
ED 29 48 149
ED 30 50 236
ED 30 31 203
ED 30 9 115
ED 31 51 213
ED 31 32 209
ED 31 50 101
ED 32 52 224
ED 32 33 203
ED 32 11 133
ED 33 53 251
ED 33 34 216
ED 33 52 158
ED 34 54 184
ED 34 35 194
ED 34 13 205
ED 35 55 160
ED 35 36 250
ED 35 54 116
ED 36 56 202
ED 36 37 176
ED 36 15 200
ED 37 57 193
ED 37 38 165
ED 37 56 171
ED 38 58 187
ED 38 39 143
ED 38 17 225
ED 39 59 250
ED 39 58 192
ED 40 60 230
ED 40 41 213
ED 41 61 203
ED 41 42 207
ED 41 60 165
ED 42 62 185
ED 42 43 226
ED 42 21 189
ED 43 63 192
ED 43 44 125
ED 43 62 216
ED 44 64 194
ED 44 45 173
ED 44 23 147
ED 45 65 196
ED 45 46 206
ED 45 64 203
ED 46 66 226
ED 46 47 224
ED 46 25 154
ED 47 67 180
ED 47 48 196
ED 47 66 167
ED 48 68 192
ED 48 49 172
ED 48 27 200
ED 49 69 156
ED 49 50 259
ED 49 68 145
ED 50 70 241
ED 50 51 157
ED 50 29 241
ED 51 71 236
ED 51 52 234
ED 51 70 168
ED 52 72 222
ED 52 53 189
ED 52 31 216
ED 53 73 195
ED 53 54 259
ED 53 72 164
ED 54 74 243
ED 54 55 182
ED 54 33 192
ED 55 75 224
ED 55 56 232
ED 55 74 150
ED 56 76 227
ED 56 57 170
ED 56 35 221
ED 57 77 242
ED 57 58 134
ED 57 76 246
ED 58 78 176
ED 58 59 235
ED 58 37 156
ED 59 79 196
ED 59 78 194
ED 60 80 163
ED 60 61 193
ED 61 81 185
ED 61 62 194
ED 61 80 164
ED 62 82 215
ED 62 63 258
ED 62 41 117
ED 63 83 225
ED 63 64 130
ED 63 82 176
ED 64 84 163
ED 64 65 207
ED 64 43 128
ED 65 85 250
ED 65 66 181
ED 65 84 198
ED 66 86 227
ED 66 67 184
ED 66 45 208
ED 67 87 209
ED 67 68 159
ED 67 86 231
ED 68 88 181
ED 68 69 155
ED 68 47 176
ED 69 89 236
ED 69 70 172
ED 69 88 126
ED 70 90 127
ED 70 71 245
ED 70 49 156
ED 71 91 172
ED 71 72 168
ED 71 90 214
ED 72 92 136
ED 72 73 198
ED 72 51 184
ED 73 93 207
ED 73 74 235
ED 73 92 144
ED 74 94 206
ED 74 75 194
ED 74 53 209
ED 75 95 211
ED 75 76 141
ED 75 94 170
ED 76 96 133
ED 76 77 172
ED 76 55 183
ED 77 97 204
ED 77 78 226
ED 77 96 143
ED 78 98 176
ED 78 79 243
ED 78 57 139
ED 79 99 223
ED 79 98 179
ED 80 100 270
ED 80 81 191
ED 81 101 222
ED 81 82 218
ED 81 100 185
ED 82 102 220
ED 82 83 224
ED 82 61 149
ED 83 103 222
ED 83 84 205
ED 83 102 182
ED 84 104 182
ED 84 85 235
ED 84 63 132
ED 85 105 222
ED 85 86 171
ED 85 104 125
ED 86 106 181
ED 86 87 204
ED 86 65 168
ED 87 107 230
ED 87 88 200
ED 87 106 154
ED 88 108 218
ED 88 89 198
ED 88 67 187
ED 89 109 189
ED 89 90 221
ED 89 108 185
ED 90 110 214
ED 90 91 256
ED 90 69 148
ED 91 111 193
ED 91 92 219
ED 91 110 136
ED 92 112 206
ED 92 93 244
ED 92 71 107
ED 93 113 145
ED 93 94 248
ED 93 112 161
ED 94 114 124
ED 94 95 139
ED 94 73 222
ED 95 115 215
ED 95 96 231
ED 95 114 87
ED 96 116 248
ED 96 97 240
ED 96 75 98
ED 97 117 209
ED 97 98 229
ED 97 116 193
ED 98 118 200
ED 98 99 239
ED 98 77 189
ED 99 119 147
ED 99 118 104
ED 100 120 202
ED 100 101 164
ED 101 121 182
ED 101 102 198
ED 101 120 132
ED 102 122 189
ED 102 103 253
ED 102 81 167
ED 103 123 202
ED 103 104 269
ED 103 122 147
ED 104 124 275
ED 104 105 253
ED 104 83 187
ED 105 125 198
ED 105 106 230
ED 105 124 217
ED 106 126 182
ED 106 107 206
ED 106 85 181
ED 107 127 232
ED 107 108 157
ED 107 126 196
ED 108 128 201
ED 108 109 192
ED 108 87 153
ED 109 129 227
ED 109 110 260
ED 109 128 144
ED 110 130 262
ED 110 111 214
ED 110 89 165
ED 111 131 229
ED 111 112 194
ED 111 130 185
ED 112 132 222
ED 112 113 203
ED 112 91 125
ED 113 133 243
ED 113 114 265
ED 113 132 116
ED 114 134 282
ED 114 115 220
ED 114 93 208
ED 115 135 166
ED 115 116 200
ED 115 134 155
ED 116 136 187
ED 116 117 232
ED 116 95 160
ED 117 137 166
ED 117 118 248
ED 117 136 136
ED 118 138 262
ED 118 119 186
ED 118 97 188
ED 119 139 254
ED 119 138 174
ED 120 140 167
ED 120 121 132
ED 121 141 268
ED 121 122 206
ED 121 140 167
ED 122 142 233
ED 122 123 232
ED 122 101 189
ED 123 143 205
ED 123 124 193
ED 123 142 162
ED 124 144 130
ED 124 125 184
ED 124 103 141
ED 125 145 191
ED 125 126 254
ED 125 144 89
ED 126 146 213
ED 126 127 238
ED 126 105 107
ED 127 147 151
ED 127 128 221
ED 127 146 97
ED 128 148 176
ED 128 129 196
ED 128 107 132
ED 129 149 166
ED 129 130 227
ED 129 148 78
ED 130 150 143
ED 130 131 191
ED 130 109 201
ED 131 151 167
ED 131 132 262
ED 131 150 143
ED 132 152 179
ED 132 133 187
ED 132 111 186
ED 133 153 195
ED 133 134 206
ED 133 152 126
ED 134 154 149
ED 134 135 192
ED 134 113 210
ED 135 155 190
ED 135 136 211
ED 135 154 192
ED 136 156 163
ED 136 137 175
ED 136 115 206
ED 137 157 197
ED 137 138 177
ED 137 156 128
ED 138 158 183
ED 138 139 205
ED 138 117 175
ED 139 159 173
ED 139 158 204
ED 140 160 223
ED 140 141 235
ED 141 161 140
ED 141 142 213
ED 141 160 159
ED 142 162 194
ED 142 143 234
ED 142 121 168
ED 143 163 175
ED 143 144 283
ED 143 162 169
ED 144 164 266
ED 144 145 216
ED 144 123 190
ED 145 165 206
ED 145 146 269
ED 145 164 137
ED 146 166 200
ED 146 147 170
ED 146 125 224
ED 147 167 233
ED 147 148 233
ED 147 166 168
ED 148 168 202
ED 148 149 201
ED 148 127 202
ED 149 169 250
ED 149 150 176
ED 149 168 191
ED 150 170 221
ED 150 151 197
ED 150 129 181
ED 151 171 183
ED 151 152 241
ED 151 170 113
ED 152 172 195
ED 152 153 225
ED 152 131 157
ED 153 173 214
ED 153 154 227
ED 153 172 127
ED 154 174 180
ED 154 155 211
ED 154 133 162
ED 155 175 245
ED 155 156 243
ED 155 174 173
ED 156 176 237
ED 156 157 186
ED 156 135 177
ED 157 177 238
ED 157 158 161
ED 157 176 136
ED 158 178 184
ED 158 159 208
ED 158 137 142
ED 159 179 193
ED 159 178 157
ED 160 180 165
ED 160 161 174
ED 161 181 186
ED 161 162 184
ED 161 180 147
ED 162 182 224
ED 162 163 228
ED 162 141 136
ED 163 183 225
ED 163 164 201
ED 163 182 150
ED 164 184 178
ED 164 165 189
ED 164 143 172
ED 165 185 172
ED 165 166 227
ED 165 184 135
ED 166 186 209
ED 166 167 228
ED 166 145 163
ED 167 187 212
ED 167 168 236
ED 167 186 124
ED 168 188 210
ED 168 169 224
ED 168 147 176
ED 169 189 199
ED 169 170 246
ED 169 188 135
ED 170 190 223
ED 170 171 181
ED 170 149 159
ED 171 191 199
ED 171 172 194
ED 171 190 207
ED 172 192 262
ED 172 173 264
ED 172 151 179
ED 173 193 169
ED 173 174 224
ED 173 192 185
ED 174 194 262
ED 174 175 235
ED 174 153 161
ED 175 195 156
ED 175 176 265
ED 175 194 109
ED 176 196 212
ED 176 177 190
ED 176 155 199
ED 177 197 184
ED 177 178 209
ED 177 196 151
ED 178 198 198
ED 178 179 208
ED 178 157 160
ED 179 199 208
ED 179 198 166
ED 180 200 180
ED 180 181 207
ED 181 201 274
ED 181 182 173
ED 181 200 164
ED 182 202 169
ED 182 183 178
ED 182 161 220
ED 183 203 159
ED 183 184 263
ED 183 202 145
ED 184 204 228
ED 184 185 180
ED 184 163 174
ED 185 205 248
ED 185 186 222
ED 185 204 187
ED 186 206 198
ED 186 187 218
ED 186 165 174
ED 187 207 206
ED 187 188 234
ED 187 206 119
ED 188 208 166
ED 188 189 207
ED 188 167 178
ED 189 209 141
ED 189 190 215
ED 189 208 103
ED 190 210 214
ED 190 191 163
ED 190 169 156
ED 191 211 272
ED 191 192 182
ED 191 210 178
ED 192 212 138
ED 192 193 200
ED 192 171 169
ED 193 213 196
ED 193 194 200
ED 193 212 159
ED 194 214 155
ED 194 195 133
ED 194 173 177
ED 195 215 240
ED 195 196 198
ED 195 214 156
ED 196 216 187
ED 196 197 221
ED 196 175 183
ED 197 217 193
ED 197 198 168
ED 197 216 193
ED 198 218 227
ED 198 199 250
ED 198 177 142
ED 199 219 233
ED 199 218 153
ED 200 220 243
ED 200 201 236
ED 201 221 176
ED 201 202 239
ED 201 220 91
ED 202 222 253
ED 202 203 224
ED 202 181 140
ED 203 223 199
ED 203 204 177
ED 203 222 164
ED 204 224 134
ED 204 205 243
ED 204 183 181
ED 205 225 175
ED 205 206 236
ED 205 224 187
ED 206 226 207
ED 206 207 243
ED 206 185 186
ED 207 227 179
ED 207 208 245
ED 207 226 171
ED 208 228 229
ED 208 209 175
ED 208 187 182
ED 209 229 271
ED 209 210 186
ED 209 228 136
ED 210 230 144
ED 210 211 216
ED 210 189 184
ED 211 231 203
ED 211 212 254
ED 211 230 201
ED 212 232 230
ED 212 213 235
ED 212 191 185
ED 213 233 181
ED 213 214 188
ED 213 232 204
ED 214 234 246
ED 214 215 246
ED 214 193 131
ED 215 235 214
ED 215 216 215
ED 215 234 175
ED 216 236 180
ED 216 217 233
ED 216 195 182
ED 217 237 231
ED 217 218 193
ED 217 236 221
ED 218 238 187
ED 218 219 218
ED 218 197 181
ED 219 239 162
ED 219 238 210
ED 220 240 168
ED 220 221 169
ED 221 241 184
ED 221 222 226
ED 221 240 117
ED 222 242 204
ED 222 223 147
ED 222 201 212
ED 223 243 185
ED 223 224 235
ED 223 242 202
ED 224 244 270
ED 224 225 236
ED 224 203 158
ED 225 245 181
ED 225 226 228
ED 225 244 181
ED 226 246 218
ED 226 227 219
ED 226 205 132
ED 227 247 239
ED 227 228 211
ED 227 246 215
ED 228 248 188
ED 228 229 231
ED 228 207 135
ED 229 249 206
ED 229 230 224
ED 229 248 190
ED 230 250 278
ED 230 231 259
ED 230 209 148
ED 231 251 134
ED 231 232 239
ED 231 250 116
ED 232 252 210
ED 232 233 218
ED 232 211 115
ED 233 253 216
ED 233 234 151
ED 233 252 167
ED 234 254 204
ED 234 235 231
ED 234 213 148
ED 235 255 185
ED 235 236 223
ED 235 254 208
ED 236 256 201
ED 236 237 279
ED 236 215 121
ED 237 257 216
ED 237 238 194
ED 237 256 178
ED 238 258 208
ED 238 239 212
ED 238 217 110
ED 239 259 213
ED 239 258 119
ED 240 260 246
ED 240 241 193
ED 241 261 216
ED 241 242 176
ED 241 260 174
ED 242 262 203
ED 242 243 216
ED 242 221 163
ED 243 263 190
ED 243 244 155
ED 243 262 185
ED 244 264 206
ED 244 245 195
ED 244 223 190
ED 245 265 176
ED 245 246 161
ED 245 264 225
ED 246 266 182
ED 246 247 244
ED 246 225 131
ED 247 267 142
ED 247 248 247
ED 247 266 145
ED 248 268 194
ED 248 249 265
ED 248 227 100
ED 249 269 149
ED 249 250 231
ED 249 268 153
ED 250 270 150
ED 250 251 130
ED 250 229 176
ED 251 271 232
ED 251 252 211
ED 251 270 173
ED 252 272 172
ED 252 253 203
ED 252 231 198
ED 253 273 207
ED 253 254 128
ED 253 272 167
ED 254 274 173
ED 254 255 220
ED 254 233 151
ED 255 275 164
ED 255 256 244
ED 255 274 100
ED 256 276 234
ED 256 257 226
ED 256 235 140
ED 257 277 187
ED 257 258 276
ED 257 276 141
ED 258 278 190
ED 258 259 209
ED 258 237 157
ED 259 279 196
ED 259 278 173
ED 260 280 203
ED 260 261 234
ED 261 281 181
ED 261 262 199
ED 261 280 147
ED 262 282 133
ED 262 263 135
ED 262 241 225
ED 263 283 223
ED 263 264 154
ED 263 282 137
ED 264 284 139
ED 264 265 220
ED 264 243 165
ED 265 285 226
ED 265 266 163
ED 265 284 183
ED 266 286 185
ED 266 267 193
ED 266 245 140
ED 267 287 233
ED 267 268 221
ED 267 286 152
ED 268 288 250
ED 268 269 215
ED 268 247 149
ED 269 289 196
ED 269 270 208
ED 269 288 182
ED 270 290 241
ED 270 271 207
ED 270 249 144
ED 271 291 236
ED 271 272 257
ED 271 290 158
ED 272 292 267
ED 272 273 220
ED 272 251 188
ED 273 293 229
ED 273 274 229
ED 273 292 168
ED 274 294 265
ED 274 275 157
ED 274 253 169
ED 275 295 264
ED 275 276 204
ED 275 294 179
ED 276 296 211
ED 276 277 243
ED 276 255 158
ED 277 297 185
ED 277 278 203
ED 277 296 217
ED 278 298 238
ED 278 279 175
ED 278 257 194
ED 279 299 221
ED 279 298 124
ED 280 300 230
ED 280 281 145
ED 281 301 183
ED 281 282 252
ED 281 300 164
ED 282 302 247
ED 282 283 233
ED 282 261 154
ED 283 303 228
ED 283 284 201
ED 283 302 212
ED 284 304 246
ED 284 285 182
ED 284 263 194
ED 285 305 254
ED 285 286 225
ED 285 304 134
ED 286 306 207
ED 286 287 233
ED 286 265 123
ED 287 307 176
ED 287 288 200
ED 287 306 156
ED 288 308 168
ED 288 289 197
ED 288 267 169
ED 289 309 243
ED 289 290 182
ED 289 308 122
ED 290 310 208
ED 290 291 234
ED 290 269 190
ED 291 311 149
ED 291 292 204
ED 291 310 183
ED 292 312 149
ED 292 293 170
ED 292 271 229
ED 293 313 173
ED 293 294 176
ED 293 312 128
ED 294 314 154
ED 294 295 240
ED 294 273 155
ED 295 315 202
ED 295 296 190
ED 295 314 202
ED 296 316 217
ED 296 297 206
ED 296 275 200
ED 297 317 212
ED 297 298 204
ED 297 316 165
ED 298 318 214
ED 298 299 164
ED 298 277 166
ED 299 319 204
ED 299 318 147
ED 300 320 194
ED 300 301 158
ED 301 321 231
ED 301 302 174
ED 301 320 166
ED 302 322 191
ED 302 303 212
ED 302 281 196
ED 303 323 172
ED 303 304 222
ED 303 322 162
ED 304 324 153
ED 304 305 181
ED 304 283 178
ED 305 325 192
ED 305 306 251
ED 305 324 139
ED 306 326 201
ED 306 307 209
ED 306 285 163
ED 307 327 183
ED 307 308 263
ED 307 326 138
ED 308 328 204
ED 308 309 242
ED 308 287 200
ED 309 329 195
ED 309 310 181
ED 309 328 155
ED 310 330 184
ED 310 311 137
ED 310 289 204
ED 311 331 210
ED 311 312 234
ED 311 330 190
ED 312 332 236
ED 312 313 211
ED 312 291 145
ED 313 333 211
ED 313 314 170
ED 313 332 197
ED 314 334 175
ED 314 315 224
ED 314 293 128
ED 315 335 136
ED 315 316 260
ED 315 334 113
ED 316 336 153
ED 316 317 130
ED 316 295 168
ED 317 337 180
ED 317 318 232
ED 317 336 159
ED 318 338 153
ED 318 319 146
ED 318 297 195
ED 319 339 178
ED 319 338 124
ED 320 340 166
ED 320 321 141
ED 321 341 185
ED 321 322 216
ED 321 340 159
ED 322 342 227
ED 322 323 220
ED 322 301 184
ED 323 343 191
ED 323 324 183
ED 323 342 197
ED 324 344 278
ED 324 325 268
ED 324 303 135
ED 325 345 165
ED 325 326 222
ED 325 344 144
ED 326 346 223
ED 326 327 203
ED 326 305 165
ED 327 347 203
ED 327 328 230
ED 327 346 159
ED 328 348 219
ED 328 329 242
ED 328 307 215
ED 329 349 181
ED 329 330 163
ED 329 348 169
ED 330 350 156
ED 330 331 231
ED 330 309 102
ED 331 351 208
ED 331 332 153
ED 331 350 207
ED 332 352 217
ED 332 333 175
ED 332 311 206
ED 333 353 231
ED 333 334 243
ED 333 352 135
ED 334 354 259
ED 334 335 177
ED 334 313 129
ED 335 355 217
ED 335 336 203
ED 335 354 168
ED 336 356 219
ED 336 337 210
ED 336 315 147
ED 337 357 256
ED 337 338 228
ED 337 356 151
ED 338 358 187
ED 338 339 224
ED 338 317 188
ED 339 359 240
ED 339 358 154
ED 340 360 187
ED 340 341 238
ED 341 361 243
ED 341 342 168
ED 341 360 159
ED 342 362 135
ED 342 343 162
ED 342 321 216
ED 343 363 272
ED 343 344 196
ED 343 362 148
ED 344 364 143
ED 344 345 110
ED 344 323 199
ED 345 365 214
ED 345 346 226
ED 345 364 152
ED 346 366 204
ED 346 347 191
ED 346 325 145
ED 347 367 197
ED 347 348 203
ED 347 366 174
ED 348 368 229
ED 348 349 184
ED 348 327 204
ED 349 369 234
ED 349 350 211
ED 349 368 168
ED 350 370 241
ED 350 351 248
ED 350 329 91
ED 351 371 254
ED 351 352 179
ED 351 370 220
ED 352 372 168
ED 352 353 192
ED 352 331 198
ED 353 373 158
ED 353 354 182
ED 353 372 205
ED 354 374 203
ED 354 355 200
ED 354 333 186
ED 355 375 234
ED 355 356 164
ED 355 374 215
ED 356 376 186
ED 356 357 247
ED 356 335 183
ED 357 377 175
ED 357 358 277
ED 357 376 139
ED 358 378 274
ED 358 359 214
ED 358 337 232
ED 359 379 157
ED 359 378 188
ED 360 380 200
ED 360 361 245
ED 361 381 205
ED 361 362 241
ED 361 380 144
ED 362 382 254
ED 362 363 234
ED 362 341 156
ED 363 383 155
ED 363 364 264
ED 363 382 153
ED 364 384 280
ED 364 365 246
ED 364 343 120
ED 365 385 244
ED 365 366 208
ED 365 384 167
ED 366 386 235
ED 366 367 180
ED 366 345 212
ED 367 387 191
ED 367 368 175
ED 367 386 185
ED 368 388 203
ED 368 369 198
ED 368 347 185
ED 369 389 149
ED 369 370 206
ED 369 388 121
ED 370 390 156
ED 370 371 241
ED 370 349 152
ED 371 391 134
ED 371 372 217
ED 371 390 190
ED 372 392 220
ED 372 373 227
ED 372 351 119
ED 373 393 248
ED 373 374 162
ED 373 392 207
ED 374 394 206
ED 374 375 186
ED 374 353 131
ED 375 395 163
ED 375 376 243
ED 375 394 186
ED 376 396 274
ED 376 377 229
ED 376 355 142
ED 377 397 183
ED 377 378 164
ED 377 396 191
ED 378 398 193
ED 378 379 191
ED 378 357 151
ED 379 399 226
ED 379 398 171
ED 380 381 253
ED 381 382 167
ED 382 383 207
ED 382 361 107
ED 383 384 199
ED 384 385 221
ED 384 363 205
ED 385 386 185
ED 386 387 151
ED 386 365 205
ED 387 388 199
ED 388 389 130
ED 388 367 218
ED 389 390 201
ED 390 391 224
ED 390 369 123
ED 391 392 163
ED 392 393 229
ED 392 371 122
ED 393 394 190
ED 394 395 213
ED 394 373 158
ED 395 396 131
ED 396 397 171
ED 396 375 182
ED 397 398 213
ED 398 399 181
ED 398 377 191
DM 1 265 1000 
DM 2 100 1000 
DM 3 194 1000 
DM 4 368 1000 
DM 5 392 1000 
DM 6 97 1000 
SD 1 271
