VC 400
EC 1121
DMC 6
SC 1
NL 0
QN 1
ED 0 20 262
ED 0 1 236
ED 1 21 186
ED 1 2 261
ED 1 20 146
ED 2 22 173
ED 2 3 193
ED 3 23 194
ED 3 4 262
ED 3 22 147
ED 4 24 201
ED 4 5 190
ED 5 25 197
ED 5 6 212
ED 5 24 165
ED 6 26 263
ED 6 7 250
ED 7 27 218
ED 7 8 199
ED 7 26 160
ED 8 28 162
ED 8 9 250
ED 9 29 162
ED 9 10 213
ED 9 28 153
ED 10 30 217
ED 10 11 227
ED 11 31 234
ED 11 12 166
ED 11 30 153
ED 12 32 172
ED 12 13 195
ED 13 33 195
ED 13 14 212
ED 13 32 94
ED 14 34 180
ED 14 15 181
ED 15 35 189
ED 15 16 185
ED 15 34 206
ED 16 36 157
ED 16 17 173
ED 17 37 202
ED 17 18 165
ED 17 36 155
ED 18 38 179
ED 18 19 207
ED 19 39 180
ED 19 38 148
ED 20 40 176
ED 20 21 169
ED 21 41 230
ED 21 22 231
ED 21 40 161
ED 22 42 273
ED 22 23 241
ED 22 1 156
ED 23 43 157
ED 23 24 248
ED 23 42 147
ED 24 44 189
ED 24 25 206
ED 24 3 179
ED 25 45 181
ED 25 26 174
ED 25 44 160
ED 26 46 149
ED 26 27 234
ED 26 5 160
ED 27 47 191
ED 27 28 249
ED 27 46 212
ED 28 48 257
ED 28 29 190
ED 28 7 183
ED 29 49 256
ED 29 30 209
ED 29 48 152
ED 30 50 250
ED 30 31 246
ED 30 9 134
ED 31 51 172
ED 31 32 233
ED 31 50 226
ED 32 52 189
ED 32 33 200
ED 32 11 183
ED 33 53 188
ED 33 34 181
ED 33 52 113
ED 34 54 174
ED 34 35 229
ED 34 13 176
ED 35 55 251
ED 35 36 184
ED 35 54 182
ED 36 56 224
ED 36 37 203
ED 36 15 150
ED 37 57 247
ED 37 38 190
ED 37 56 166
ED 38 58 182
ED 38 39 195
ED 38 17 171
ED 39 59 251
ED 39 58 176
ED 40 60 221
ED 40 41 220
ED 41 61 182
ED 41 42 206
ED 41 60 122
ED 42 62 185
ED 42 43 177
ED 42 21 186
ED 43 63 238
ED 43 44 204
ED 43 62 205
ED 44 64 239
ED 44 45 172
ED 44 23 191
ED 45 65 188
ED 45 46 201
ED 45 64 149
ED 46 66 214
ED 46 47 284
ED 46 25 114
ED 47 67 162
ED 47 48 198
ED 47 66 204
ED 48 68 154
ED 48 49 180
ED 48 27 152
ED 49 69 185
ED 49 50 193
ED 49 68 90
ED 50 70 193
ED 50 51 193
ED 50 29 177
ED 51 71 246
ED 51 52 256
ED 51 70 189
ED 52 72 190
ED 52 53 219
ED 52 31 154
ED 53 73 228
ED 53 54 192
ED 53 72 166
ED 54 74 233
ED 54 55 195
ED 54 33 183
ED 55 75 187
ED 55 56 239
ED 55 74 142
ED 56 76 248
ED 56 57 200
ED 56 35 138
ED 57 77 201
ED 57 58 236
ED 57 76 145
ED 58 78 270
ED 58 59 261
ED 58 37 131
ED 59 79 172
ED 59 78 170
ED 60 80 215
ED 60 61 179
ED 61 81 168
ED 61 62 178
ED 61 80 168
ED 62 82 150
ED 62 63 242
ED 62 41 147
ED 63 83 226
ED 63 64 200
ED 63 82 207
ED 64 84 160
ED 64 65 110
ED 64 43 211
ED 65 85 279
ED 65 66 207
ED 65 84 159
ED 66 86 187
ED 66 67 175
ED 66 45 170
ED 67 87 243
ED 67 68 257
ED 67 86 135
ED 68 88 221
ED 68 69 215
ED 68 47 149
ED 69 89 214
ED 69 70 173
ED 69 88 167
ED 70 90 179
ED 70 71 211
ED 70 49 160
ED 71 91 199
ED 71 72 295
ED 71 90 108
ED 72 92 255
ED 72 73 219
ED 72 51 194
ED 73 93 173
ED 73 74 206
ED 73 92 175
ED 74 94 168
ED 74 75 205
ED 74 53 146
ED 75 95 244
ED 75 76 157
ED 75 94 200
ED 76 96 144
ED 76 77 174
ED 76 55 188
ED 77 97 177
ED 77 78 177
ED 77 96 103
ED 78 98 166
ED 78 79 209
ED 78 57 168
ED 79 99 193
ED 79 98 127
ED 80 100 131
ED 80 81 167
ED 81 101 217
ED 81 82 187
ED 81 100 149
ED 82 102 228
ED 82 83 277
ED 82 61 117
ED 83 103 190
ED 83 84 235
ED 83 102 185
ED 84 104 244
ED 84 85 287
ED 84 63 97
ED 85 105 183
ED 85 86 233
ED 85 104 153
ED 86 106 194
ED 86 87 246
ED 86 65 198
ED 87 107 194
ED 87 88 184
ED 87 106 141
ED 88 108 223
ED 88 89 248
ED 88 67 194
ED 89 109 188
ED 89 90 230
ED 89 108 143
ED 90 110 229
ED 90 91 195
ED 90 69 175
ED 91 111 139
ED 91 92 231
ED 91 110 156
ED 92 112 202
ED 92 93 191
ED 92 71 155
ED 93 113 185
ED 93 94 198
ED 93 112 182
ED 94 114 180
ED 94 95 281
ED 94 73 144
ED 95 115 149
ED 95 96 242
ED 95 114 203
ED 96 116 231
ED 96 97 180
ED 96 75 157
ED 97 117 250
ED 97 98 240
ED 97 116 137
ED 98 118 174
ED 98 99 201
ED 98 77 196
ED 99 119 176
ED 99 118 181
ED 100 120 200
ED 100 101 196
ED 101 121 197
ED 101 102 197
ED 101 120 109
ED 102 122 185
ED 102 103 234
ED 102 81 135
ED 103 123 166
ED 103 104 254
ED 103 122 154
ED 104 124 194
ED 104 105 160
ED 104 83 182
ED 105 125 209
ED 105 106 291
ED 105 124 126
ED 106 126 268
ED 106 107 203
ED 106 85 163
ED 107 127 225
ED 107 108 208
ED 107 126 161
ED 108 128 163
ED 108 109 202
ED 108 87 160
ED 109 129 225
ED 109 110 164
ED 109 128 132
ED 110 130 196
ED 110 111 180
ED 110 89 119
ED 111 131 212
ED 111 112 184
ED 111 130 140
ED 112 132 183
ED 112 113 164
ED 112 91 167
ED 113 133 237
ED 113 114 221
ED 113 132 108
ED 114 134 198
ED 114 115 249
ED 114 93 156
ED 115 135 210
ED 115 116 175
ED 115 134 182
ED 116 136 221
ED 116 117 228
ED 116 95 122
ED 117 137 196
ED 117 118 241
ED 117 136 170
ED 118 138 225
ED 118 119 244
ED 118 97 155
ED 119 139 219
ED 119 138 155
ED 120 140 253
ED 120 121 207
ED 121 141 241
ED 121 122 189
ED 121 140 185
ED 122 142 230
ED 122 123 223
ED 122 101 158
ED 123 143 196
ED 123 124 209
ED 123 142 178
ED 124 144 202
ED 124 125 188
ED 124 103 181
ED 125 145 175
ED 125 126 244
ED 125 144 136
ED 126 146 154
ED 126 127 165
ED 126 105 225
ED 127 147 203
ED 127 128 271
ED 127 146 167
ED 128 148 273
ED 128 129 250
ED 128 107 184
ED 129 149 192
ED 129 130 224
ED 129 148 217
ED 130 150 218
ED 130 131 190
ED 130 109 168
ED 131 151 190
ED 131 132 206
ED 131 150 207
ED 132 152 214
ED 132 133 202
ED 132 111 228
ED 133 153 190
ED 133 134 207
ED 133 152 190
ED 134 154 254
ED 134 135 209
ED 134 113 194
ED 135 155 244
ED 135 136 201
ED 135 154 183
ED 136 156 181
ED 136 137 177
ED 136 115 159
ED 137 157 219
ED 137 138 276
ED 137 156 135
ED 138 158 256
ED 138 139 206
ED 138 117 157
ED 139 159 241
ED 139 158 152
ED 140 160 191
ED 140 141 240
ED 141 161 205
ED 141 142 183
ED 141 160 152
ED 142 162 231
ED 142 143 180
ED 142 121 151
ED 143 163 191
ED 143 144 211
ED 143 162 133
ED 144 164 193
ED 144 145 226
ED 144 123 169
ED 145 165 260
ED 145 146 162
ED 145 164 181
ED 146 166 264
ED 146 147 265
ED 146 125 150
ED 147 167 215
ED 147 148 160
ED 147 166 169
ED 148 168 143
ED 148 149 200
ED 148 127 152
ED 149 169 211
ED 149 150 232
ED 149 168 125
ED 150 170 168
ED 150 151 193
ED 150 129 144
ED 151 171 265
ED 151 152 159
ED 151 170 228
ED 152 172 236
ED 152 153 225
ED 152 131 139
ED 153 173 201
ED 153 154 133
ED 153 172 213
ED 154 174 168
ED 154 155 239
ED 154 133 118
ED 155 175 150
ED 155 156 214
ED 155 174 160
ED 156 176 186
ED 156 157 261
ED 156 135 176
ED 157 177 191
ED 157 158 203
ED 157 176 199
ED 158 178 194
ED 158 159 187
ED 158 137 240
ED 159 179 129
ED 159 178 160
ED 160 180 231
ED 160 161 198
ED 161 181 204
ED 161 162 233
ED 161 180 151
ED 162 182 144
ED 162 163 151
ED 162 141 171
ED 163 183 204
ED 163 164 195
ED 163 182 162
ED 164 184 216
ED 164 165 199
ED 164 143 221
ED 165 185 188
ED 165 166 223
ED 165 184 118
ED 166 186 154
ED 166 167 206
ED 166 145 166
ED 167 187 199
ED 167 168 235
ED 167 186 177
ED 168 188 248
ED 168 169 252
ED 168 147 135
ED 169 189 159
ED 169 170 213
ED 169 188 171
ED 170 190 241
ED 170 171 218
ED 170 149 160
ED 171 191 172
ED 171 172 229
ED 171 190 132
ED 172 192 147
ED 172 173 211
ED 172 151 168
ED 173 193 178
ED 173 174 168
ED 173 192 171
ED 174 194 176
ED 174 175 198
ED 174 153 115
ED 175 195 231
ED 175 176 208
ED 175 194 132
ED 176 196 181
ED 176 177 211
ED 176 155 147
ED 177 197 229
ED 177 178 221
ED 177 196 154
ED 178 198 171
ED 178 179 186
ED 178 157 137
ED 179 199 271
ED 179 198 191
ED 180 200 175
ED 180 181 166
ED 181 201 188
ED 181 182 283
ED 181 200 139
ED 182 202 199
ED 182 183 195
ED 182 161 173
ED 183 203 219
ED 183 184 188
ED 183 202 144
ED 184 204 222
ED 184 185 172
ED 184 163 180
ED 185 205 221
ED 185 186 239
ED 185 204 159
ED 186 206 218
ED 186 187 249
ED 186 165 155
ED 187 207 209
ED 187 188 202
ED 187 206 144
ED 188 208 162
ED 188 189 223
ED 188 167 140
ED 189 209 254
ED 189 190 146
ED 189 208 225
ED 190 210 178
ED 190 191 181
ED 190 169 162
ED 191 211 190
ED 191 192 230
ED 191 210 157
ED 192 212 253
ED 192 193 199
ED 192 171 214
ED 193 213 272
ED 193 194 183
ED 193 212 232
ED 194 214 215
ED 194 195 249
ED 194 173 112
ED 195 215 172
ED 195 196 212
ED 195 214 152
ED 196 216 233
ED 196 197 288
ED 196 175 161
ED 197 217 141
ED 197 198 220
ED 197 216 190
ED 198 218 233
ED 198 199 194
ED 198 177 192
ED 199 219 198
ED 199 218 138
ED 200 220 229
ED 200 201 247
ED 201 221 172
ED 201 202 221
ED 201 220 212
ED 202 222 247
ED 202 203 207
ED 202 181 217
ED 203 223 168
ED 203 204 149
ED 203 222 203
ED 204 224 195
ED 204 205 236
ED 204 183 159
ED 205 225 203
ED 205 206 226
ED 205 224 204
ED 206 226 205
ED 206 207 234
ED 206 185 200
ED 207 227 134
ED 207 208 221
ED 207 226 154
ED 208 228 222
ED 208 209 233
ED 208 187 120
ED 209 229 166
ED 209 210 262
ED 209 228 141
ED 210 230 164
ED 210 211 145
ED 210 189 158
ED 211 231 260
ED 211 212 186
ED 211 230 161
ED 212 232 137
ED 212 213 221
ED 212 191 159
ED 213 233 139
ED 213 214 251
ED 213 232 148
ED 214 234 252
ED 214 215 204
ED 214 193 141
ED 215 235 255
ED 215 216 190
ED 215 234 168
ED 216 236 159
ED 216 217 214
ED 216 195 151
ED 217 237 262
ED 217 218 139
ED 217 236 190
ED 218 238 142
ED 218 219 206
ED 218 197 121
ED 219 239 141
ED 219 238 112
ED 220 240 173
ED 220 221 136
ED 221 241 277
ED 221 222 185
ED 221 240 145
ED 222 242 170
ED 222 223 176
ED 222 201 121
ED 223 243 260
ED 223 224 143
ED 223 242 140
ED 224 244 221
ED 224 225 255
ED 224 203 130
ED 225 245 135
ED 225 226 221
ED 225 244 165
ED 226 246 179
ED 226 227 146
ED 226 205 155
ED 227 247 228
ED 227 228 184
ED 227 246 136
ED 228 248 214
ED 228 229 231
ED 228 207 115
ED 229 249 231
ED 229 230 182
ED 229 248 233
ED 230 250 235
ED 230 231 266
ED 230 209 158
ED 231 251 144
ED 231 232 273
ED 231 250 99
ED 232 252 256
ED 232 233 185
ED 232 211 185
ED 233 253 243
ED 233 234 208
ED 233 252 184
ED 234 254 149
ED 234 235 187
ED 234 213 166
ED 235 255 155
ED 235 236 274
ED 235 254 105
ED 236 256 192
ED 236 237 260
ED 236 215 159
ED 237 257 135
ED 237 238 284
ED 237 256 144
ED 238 258 271
ED 238 239 178
ED 238 217 165
ED 239 259 243
ED 239 258 185
ED 240 260 175
ED 240 241 203
ED 241 261 203
ED 241 242 275
ED 241 260 166
ED 242 262 215
ED 242 243 233
ED 242 221 226
ED 243 263 206
ED 243 244 173
ED 243 262 218
ED 244 264 188
ED 244 245 133
ED 244 223 222
ED 245 265 202
ED 245 246 214
ED 245 264 157
ED 246 266 198
ED 246 247 201
ED 246 225 142
ED 247 267 224
ED 247 248 161
ED 247 266 168
ED 248 268 150
ED 248 249 244
ED 248 227 184
ED 249 269 188
ED 249 250 234
ED 249 268 177
ED 250 270 187
ED 250 251 176
ED 250 229 176
ED 251 271 225
ED 251 252 149
ED 251 270 166
ED 252 272 162
ED 252 253 209
ED 252 231 138
ED 253 273 222
ED 253 254 255
ED 253 272 117
ED 254 274 246
ED 254 255 224
ED 254 233 207
ED 255 275 222
ED 255 256 195
ED 255 274 238
ED 256 276 212
ED 256 257 232
ED 256 235 187
ED 257 277 272
ED 257 258 158
ED 257 276 209
ED 258 278 127
ED 258 259 184
ED 258 237 184
ED 259 279 165
ED 259 278 190
ED 260 280 235
ED 260 261 293
ED 261 281 192
ED 261 262 204
ED 261 280 197
ED 262 282 185
ED 262 263 213
ED 262 241 136
ED 263 283 220
ED 263 264 247
ED 263 282 114
ED 264 284 205
ED 264 265 141
ED 264 243 159
ED 265 285 240
ED 265 266 187
ED 265 284 168
ED 266 286 199
ED 266 267 230
ED 266 245 174
ED 267 287 199
ED 267 268 243
ED 267 286 161
ED 268 288 258
ED 268 269 218
ED 268 247 148
ED 269 289 200
ED 269 270 240
ED 269 288 179
ED 270 290 254
ED 270 271 209
ED 270 249 141
ED 271 291 178
ED 271 272 246
ED 271 290 168
ED 272 292 229
ED 272 273 252
ED 272 251 159
ED 273 293 158
ED 273 274 181
ED 273 292 138
ED 274 294 182
ED 274 275 177
ED 274 253 157
ED 275 295 190
ED 275 276 229
ED 275 294 122
ED 276 296 242
ED 276 277 247
ED 276 255 109
ED 277 297 160
ED 277 278 270
ED 277 296 152
ED 278 298 230
ED 278 279 236
ED 278 257 110
ED 279 299 212
ED 279 298 206
ED 280 300 159
ED 280 281 214
ED 281 301 196
ED 281 282 248
ED 281 300 148
ED 282 302 198
ED 282 283 252
ED 282 261 118
ED 283 303 200
ED 283 284 206
ED 283 302 141
ED 284 304 192
ED 284 285 170
ED 284 263 231
ED 285 305 176
ED 285 286 204
ED 285 304 151
ED 286 306 177
ED 286 287 237
ED 286 265 151
ED 287 307 154
ED 287 288 184
ED 287 306 168
ED 288 308 212
ED 288 289 209
ED 288 267 151
ED 289 309 186
ED 289 290 179
ED 289 308 157
ED 290 310 205
ED 290 291 150
ED 290 269 191
ED 291 311 212
ED 291 292 249
ED 291 310 185
ED 292 312 212
ED 292 293 143
ED 292 271 206
ED 293 313 255
ED 293 294 229
ED 293 312 130
ED 294 314 206
ED 294 295 197
ED 294 273 143
ED 295 315 272
ED 295 296 133
ED 295 314 175
ED 296 316 179
ED 296 297 211
ED 296 275 183
ED 297 317 193
ED 297 298 190
ED 297 316 139
ED 298 318 210
ED 298 299 243
ED 298 277 146
ED 299 319 242
ED 299 318 152
ED 300 320 256
ED 300 301 252
ED 301 321 192
ED 301 302 252
ED 301 320 190
ED 302 322 239
ED 302 303 212
ED 302 281 188
ED 303 323 214
ED 303 304 237
ED 303 322 170
ED 304 324 137
ED 304 305 146
ED 304 283 165
ED 305 325 255
ED 305 306 213
ED 305 324 120
ED 306 326 260
ED 306 307 220
ED 306 285 115
ED 307 327 206
ED 307 308 206
ED 307 326 143
ED 308 328 186
ED 308 309 179
ED 308 287 200
ED 309 329 236
ED 309 310 126
ED 309 328 187
ED 310 330 158
ED 310 311 186
ED 310 289 160
ED 311 331 234
ED 311 312 226
ED 311 330 124
ED 312 332 155
ED 312 313 192
ED 312 291 228
ED 313 333 129
ED 313 314 261
ED 313 332 153
ED 314 334 226
ED 314 315 225
ED 314 293 228
ED 315 335 140
ED 315 316 237
ED 315 334 171
ED 316 336 197
ED 316 317 204
ED 316 295 163
ED 317 337 252
ED 317 318 215
ED 317 336 190
ED 318 338 211
ED 318 319 199
ED 318 297 191
ED 319 339 146
ED 319 338 125
ED 320 340 179
ED 320 321 208
ED 321 341 193
ED 321 322 187
ED 321 340 149
ED 322 342 223
ED 322 323 245
ED 322 301 111
ED 323 343 160
ED 323 324 276
ED 323 342 118
ED 324 344 270
ED 324 325 264
ED 324 303 189
ED 325 345 141
ED 325 326 224
ED 325 344 171
ED 326 346 168
ED 326 327 166
ED 326 305 217
ED 327 347 261
ED 327 328 183
ED 327 346 150
ED 328 348 184
ED 328 329 164
ED 328 307 217
ED 329 349 209
ED 329 330 262
ED 329 348 148
ED 330 350 246
ED 330 331 224
ED 330 309 159
ED 331 351 210
ED 331 332 236
ED 331 350 158
ED 332 352 273
ED 332 333 226
ED 332 311 146
ED 333 353 230
ED 333 334 168
ED 333 352 175
ED 334 354 210
ED 334 335 145
ED 334 313 185
ED 335 355 265
ED 335 336 199
ED 335 354 170
ED 336 356 246
ED 336 337 252
ED 336 315 109
ED 337 357 142
ED 337 338 244
ED 337 356 149
ED 338 358 165
ED 338 339 167
ED 338 317 156
ED 339 359 194
ED 339 358 162
ED 340 360 184
ED 340 341 170
ED 341 361 223
ED 341 342 251
ED 341 360 87
ED 342 362 175
ED 342 343 150
ED 342 321 190
ED 343 363 210
ED 343 344 213
ED 343 362 104
ED 344 364 169
ED 344 345 141
ED 344 323 181
ED 345 365 241
ED 345 346 234
ED 345 364 176
ED 346 366 243
ED 346 347 213
ED 346 325 153
ED 347 367 215
ED 347 348 234
ED 347 366 95
ED 348 368 169
ED 348 349 254
ED 348 327 143
ED 349 369 197
ED 349 350 178
ED 349 368 214
ED 350 370 204
ED 350 351 167
ED 350 329 217
ED 351 371 203
ED 351 352 262
ED 351 370 119
ED 352 372 137
ED 352 353 149
ED 352 331 184
ED 353 373 182
ED 353 354 194
ED 353 372 130
ED 354 374 143
ED 354 355 216
ED 354 333 210
ED 355 375 205
ED 355 356 178
ED 355 374 182
ED 356 376 188
ED 356 357 148
ED 356 335 205
ED 357 377 245
ED 357 358 227
ED 357 376 139
ED 358 378 265
ED 358 359 225
ED 358 337 139
ED 359 379 199
ED 359 378 208
ED 360 380 228
ED 360 361 219
ED 361 381 195
ED 361 362 227
ED 361 380 153
ED 362 382 254
ED 362 363 200
ED 362 341 230
ED 363 383 249
ED 363 364 173
ED 363 382 228
ED 364 384 229
ED 364 365 256
ED 364 343 165
ED 365 385 225
ED 365 366 192
ED 365 384 185
ED 366 386 184
ED 366 367 210
ED 366 345 238
ED 367 387 139
ED 367 368 228
ED 367 386 159
ED 368 388 272
ED 368 369 249
ED 368 347 149
ED 369 389 220
ED 369 370 200
ED 369 388 138
ED 370 390 139
ED 370 371 204
ED 370 349 161
ED 371 391 183
ED 371 372 244
ED 371 390 156
ED 372 392 269
ED 372 373 209
ED 372 351 203
ED 373 393 253
ED 373 374 190
ED 373 392 185
ED 374 394 249
ED 374 375 231
ED 374 353 168
ED 375 395 198
ED 375 376 229
ED 375 394 185
ED 376 396 200
ED 376 377 207
ED 376 355 132
ED 377 397 220
ED 377 378 183
ED 377 396 204
ED 378 398 178
ED 378 379 165
ED 378 357 203
ED 379 399 231
ED 379 398 176
ED 380 381 169
ED 381 382 166
ED 382 383 206
ED 382 361 121
ED 383 384 255
ED 384 385 223
ED 384 363 168
ED 385 386 209
ED 386 387 191
ED 386 365 150
ED 387 388 182
ED 388 389 182
ED 388 367 167
ED 389 390 244
ED 390 391 191
ED 390 369 180
ED 391 392 227
ED 392 393 170
ED 392 371 161
ED 393 394 187
ED 394 395 232
ED 394 373 151
ED 395 396 191
ED 396 397 242
ED 396 375 126
ED 397 398 234
ED 398 399 179
ED 398 377 138
DM 1 16 1000 
DM 2 340 1000 
DM 3 185 1000 
DM 4 387 1000 
DM 5 200 1000 
DM 6 196 1000 
SD 1 373
