VC 400
EC 760
DMC 4
SC 1
NL 0
QN 1
ED 0 20 27
ED 0 1 41
ED 1 21 50
ED 1 2 19
ED 2 22 44
ED 2 3 35
ED 3 23 36
ED 3 4 39
ED 4 24 41
ED 4 5 34
ED 5 25 49
ED 5 6 7
ED 6 26 63
ED 6 7 46
ED 7 27 53
ED 7 8 3
ED 8 28 50
ED 8 9 31
ED 9 29 73
ED 9 10 48
ED 10 30 52
ED 10 11 53
ED 11 31 84
ED 11 12 29
ED 12 32 53
ED 12 13 40
ED 13 33 32
ED 13 14 12
ED 14 34 22
ED 14 15 53
ED 15 35 41
ED 15 16 49
ED 16 36 42
ED 16 17 25
ED 17 37 85
ED 17 18 45
ED 18 38 60
ED 18 19 21
ED 19 39 16
ED 20 40 19
ED 20 21 23
ED 21 41 27
ED 21 22 69
ED 22 42 24
ED 22 23 63
ED 23 43 73
ED 23 24 51
ED 24 44 57
ED 24 25 57
ED 25 45 24
ED 25 26 20
ED 26 46 74
ED 26 27 20
ED 27 47 8
ED 27 28 44
ED 28 48 44
ED 28 29 36
ED 29 49 44
ED 29 30 37
ED 30 50 37
ED 30 31 37
ED 31 51 71
ED 31 32 39
ED 32 52 8
ED 32 33 45
ED 33 53 40
ED 33 34 21
ED 34 54 29
ED 34 35 88
ED 35 55 5
ED 35 36 24
ED 36 56 47
ED 36 37 68
ED 37 57 46
ED 37 38 7
ED 38 58 15
ED 38 39 31
ED 39 59 28
ED 40 60 34
ED 40 41 34
ED 41 61 24
ED 41 42 36
ED 42 62 54
ED 42 43 39
ED 43 63 23
ED 43 44 63
ED 44 64 35
ED 44 45 33
ED 45 65 40
ED 45 46 48
ED 46 66 38
ED 46 47 66
ED 47 67 64
ED 47 48 82
ED 48 68 83
ED 48 49 15
ED 49 69 67
ED 49 50 29
ED 50 70 75
ED 50 51 27
ED 51 71 23
ED 51 52 43
ED 52 72 7
ED 52 53 37
ED 53 73 23
ED 53 54 37
ED 54 74 39
ED 54 55 63
ED 55 75 74
ED 55 56 70
ED 56 76 26
ED 56 57 18
ED 57 77 7
ED 57 58 25
ED 58 78 65
ED 58 59 5
ED 59 79 37
ED 60 80 23
ED 60 61 43
ED 61 81 10
ED 61 62 31
ED 62 82 42
ED 62 63 67
ED 63 83 43
ED 63 64 71
ED 64 84 79
ED 64 65 25
ED 65 85 34
ED 65 66 48
ED 66 86 34
ED 66 67 39
ED 67 87 61
ED 67 68 53
ED 68 88 72
ED 68 69 36
ED 69 89 27
ED 69 70 32
ED 70 90 12
ED 70 71 32
ED 71 91 51
ED 71 72 28
ED 72 92 41
ED 72 73 50
ED 73 93 28
ED 73 74 34
ED 74 94 44
ED 74 75 62
ED 75 95 39
ED 75 76 46
ED 76 96 44
ED 76 77 27
ED 77 97 50
ED 77 78 54
ED 78 98 49
ED 78 79 36
ED 79 99 4
ED 80 100 48
ED 80 81 40
ED 81 101 25
ED 81 82 16
ED 82 102 54
ED 82 83 23
ED 83 103 24
ED 83 84 52
ED 84 104 66
ED 84 85 27
ED 85 105 30
ED 85 86 32
ED 86 106 7
ED 86 87 21
ED 87 107 45
ED 87 88 47
ED 88 108 61
ED 88 89 34
ED 89 109 33
ED 89 90 24
ED 90 110 51
ED 90 91 31
ED 91 111 38
ED 91 92 55
ED 92 112 45
ED 92 93 42
ED 93 113 43
ED 93 94 48
ED 94 114 36
ED 94 95 19
ED 95 115 22
ED 95 96 57
ED 96 116 22
ED 96 97 72
ED 97 117 63
ED 97 98 44
ED 98 118 83
ED 98 99 20
ED 99 119 72
ED 100 120 10
ED 100 101 30
ED 101 121 38
ED 101 102 70
ED 102 122 59
ED 102 103 21
ED 103 123 57
ED 103 104 37
ED 104 124 64
ED 104 105 37
ED 105 125 40
ED 105 106 52
ED 106 126 38
ED 106 107 39
ED 107 127 21
ED 107 108 51
ED 108 128 25
ED 108 109 5
ED 109 129 15
ED 109 110 59
ED 110 130 10
ED 110 111 32
ED 111 131 27
ED 111 112 22
ED 112 132 22
ED 112 113 55
ED 113 133 27
ED 113 114 53
ED 114 134 15
ED 114 115 17
ED 115 135 41
ED 115 116 14
ED 116 136 50
ED 116 117 28
ED 117 137 59
ED 117 118 43
ED 118 138 20
ED 118 119 10
ED 119 139 42
ED 120 140 42
ED 120 121 52
ED 121 141 10
ED 121 122 8
ED 122 142 17
ED 122 123 21
ED 123 143 46
ED 123 124 68
ED 124 144 13
ED 124 125 51
ED 125 145 24
ED 125 126 46
ED 126 146 46
ED 126 127 32
ED 127 147 34
ED 127 128 47
ED 128 148 78
ED 128 129 36
ED 129 149 26
ED 129 130 37
ED 130 150 62
ED 130 131 31
ED 131 151 38
ED 131 132 35
ED 132 152 46
ED 132 133 42
ED 133 153 21
ED 133 134 25
ED 134 154 54
ED 134 135 32
ED 135 155 38
ED 135 136 79
ED 136 156 85
ED 136 137 57
ED 137 157 46
ED 137 138 56
ED 138 158 82
ED 138 139 50
ED 139 159 12
ED 140 160 43
ED 140 141 22
ED 141 161 60
ED 141 142 26
ED 142 162 22
ED 142 143 41
ED 143 163 37
ED 143 144 71
ED 144 164 82
ED 144 145 55
ED 145 165 8
ED 145 146 55
ED 146 166 60
ED 146 147 33
ED 147 167 68
ED 147 148 13
ED 148 168 33
ED 148 149 71
ED 149 169 43
ED 149 150 34
ED 150 170 46
ED 150 151 61
ED 151 171 52
ED 151 152 31
ED 152 172 15
ED 152 153 56
ED 153 173 27
ED 153 154 69
ED 154 174 73
ED 154 155 54
ED 155 175 10
ED 155 156 46
ED 156 176 68
ED 156 157 64
ED 157 177 28
ED 157 158 10
ED 158 178 72
ED 158 159 40
ED 159 179 35
ED 160 180 41
ED 160 161 15
ED 161 181 26
ED 161 162 13
ED 162 182 16
ED 162 163 15
ED 163 183 44
ED 163 164 51
ED 164 184 43
ED 164 165 40
ED 165 185 38
ED 165 166 29
ED 166 186 33
ED 166 167 34
ED 167 187 36
ED 167 168 67
ED 168 188 21
ED 168 169 60
ED 169 189 70
ED 169 170 70
ED 170 190 31
ED 170 171 34
ED 171 191 21
ED 171 172 49
ED 172 192 48
ED 172 173 52
ED 173 193 58
ED 173 174 74
ED 174 194 18
ED 174 175 38
ED 175 195 56
ED 175 176 35
ED 176 196 17
ED 176 177 38
ED 177 197 27
ED 177 178 69
ED 178 198 50
ED 178 179 40
ED 179 199 67
ED 180 200 61
ED 180 181 41
ED 181 201 31
ED 181 182 11
ED 182 202 51
ED 182 183 33
ED 183 203 18
ED 183 184 42
ED 184 204 37
ED 184 185 34
ED 185 205 22
ED 185 186 79
ED 186 206 75
ED 186 187 33
ED 187 207 42
ED 187 188 35
ED 188 208 23
ED 188 189 46
ED 189 209 54
ED 189 190 37
ED 190 210 32
ED 190 191 45
ED 191 211 24
ED 191 192 52
ED 192 212 56
ED 192 193 4
ED 193 213 51
ED 193 194 20
ED 194 214 49
ED 194 195 37
ED 195 215 31
ED 195 196 67
ED 196 216 16
ED 196 197 42
ED 197 217 16
ED 197 198 54
ED 198 218 6
ED 198 199 23
ED 199 219 42
ED 200 220 35
ED 200 201 57
ED 201 221 42
ED 201 202 71
ED 202 222 73
ED 202 203 58
ED 203 223 46
ED 203 204 64
ED 204 224 50
ED 204 205 70
ED 205 225 70
ED 205 206 51
ED 206 226 20
ED 206 207 17
ED 207 227 41
ED 207 208 28
ED 208 228 8
ED 208 209 56
ED 209 229 41
ED 209 210 62
ED 210 230 60
ED 210 211 10
ED 211 231 43
ED 211 212 62
ED 212 232 70
ED 212 213 57
ED 213 233 61
ED 213 214 36
ED 214 234 61
ED 214 215 52
ED 215 235 19
ED 215 216 29
ED 216 236 15
ED 216 217 23
ED 217 237 6
ED 217 218 45
ED 218 238 48
ED 218 219 51
ED 219 239 34
ED 220 240 46
ED 220 221 47
ED 221 241 71
ED 221 222 36
ED 222 242 52
ED 222 223 53
ED 223 243 51
ED 223 224 16
ED 224 244 45
ED 224 225 57
ED 225 245 37
ED 225 226 41
ED 226 246 56
ED 226 227 30
ED 227 247 4
ED 227 228 63
ED 228 248 57
ED 228 229 43
ED 229 249 65
ED 229 230 36
ED 230 250 43
ED 230 231 39
ED 231 251 50
ED 231 232 51
ED 232 252 10
ED 232 233 68
ED 233 253 53
ED 233 234 28
ED 234 254 12
ED 234 235 6
ED 235 255 38
ED 235 236 4
ED 236 256 28
ED 236 237 14
ED 237 257 48
ED 237 238 9
ED 238 258 39
ED 238 239 50
ED 239 259 90
ED 240 260 27
ED 240 241 35
ED 241 261 54
ED 241 242 70
ED 242 262 25
ED 242 243 59
ED 243 263 55
ED 243 244 42
ED 244 264 42
ED 244 245 59
ED 245 265 82
ED 245 246 53
ED 246 266 9
ED 246 247 72
ED 247 267 13
ED 247 248 17
ED 248 268 44
ED 248 249 15
ED 249 269 83
ED 249 250 67
ED 250 270 43
ED 250 251 59
ED 251 271 51
ED 251 252 48
ED 252 272 18
ED 252 253 25
ED 253 273 28
ED 253 254 64
ED 254 274 30
ED 254 255 48
ED 255 275 49
ED 255 256 65
ED 256 276 60
ED 256 257 60
ED 257 277 54
ED 257 258 73
ED 258 278 44
ED 258 259 83
ED 259 279 27
ED 260 280 53
ED 260 261 10
ED 261 281 82
ED 261 262 69
ED 262 282 7
ED 262 263 35
ED 263 283 25
ED 263 264 62
ED 264 284 53
ED 264 265 79
ED 265 285 67
ED 265 266 83
ED 266 286 54
ED 266 267 73
ED 267 287 59
ED 267 268 21
ED 268 288 47
ED 268 269 78
ED 269 289 6
ED 269 270 10
ED 270 290 52
ED 270 271 34
ED 271 291 30
ED 271 272 22
ED 272 292 24
ED 272 273 35
ED 273 293 50
ED 273 274 54
ED 274 294 39
ED 274 275 50
ED 275 295 54
ED 275 276 47
ED 276 296 49
ED 276 277 43
ED 277 297 25
ED 277 278 41
ED 278 298 48
ED 278 279 46
ED 279 299 41
ED 280 300 2
ED 280 281 40
ED 281 301 78
ED 281 282 23
ED 282 302 55
ED 282 283 53
ED 283 303 58
ED 283 284 17
ED 284 304 18
ED 284 285 36
ED 285 305 25
ED 285 286 61
ED 286 306 4
ED 286 287 38
ED 287 307 16
ED 287 288 32
ED 288 308 30
ED 288 289 46
ED 289 309 53
ED 289 290 57
ED 290 310 43
ED 290 291 28
ED 291 311 38
ED 291 292 38
ED 292 312 10
ED 292 293 42
ED 293 313 27
ED 293 294 34
ED 294 314 10
ED 294 295 54
ED 295 315 60
ED 295 296 58
ED 296 316 62
ED 296 297 37
ED 297 317 53
ED 297 298 75
ED 298 318 64
ED 298 299 78
ED 299 319 12
ED 300 320 41
ED 300 301 74
ED 301 321 70
ED 301 302 19
ED 302 322 61
ED 302 303 47
ED 303 323 27
ED 303 304 58
ED 304 324 17
ED 304 305 62
ED 305 325 42
ED 305 306 41
ED 306 326 52
ED 306 307 46
ED 307 327 21
ED 307 308 5
ED 308 328 36
ED 308 309 58
ED 309 329 24
ED 309 310 26
ED 310 330 5
ED 310 311 53
ED 311 331 39
ED 311 312 28
ED 312 332 78
ED 312 313 31
ED 313 333 24
ED 313 314 32
ED 314 334 45
ED 314 315 42
ED 315 335 4
ED 315 316 30
ED 316 336 18
ED 316 317 37
ED 317 337 54
ED 317 318 41
ED 318 338 58
ED 318 319 58
ED 319 339 40
ED 320 340 23
ED 320 321 44
ED 321 341 19
ED 321 322 36
ED 322 342 67
ED 322 323 73
ED 323 343 49
ED 323 324 46
ED 324 344 40
ED 324 325 30
ED 325 345 10
ED 325 326 17
ED 326 346 69
ED 326 327 70
ED 327 347 62
ED 327 328 37
ED 328 348 42
ED 328 329 18
ED 329 349 51
ED 329 330 37
ED 330 350 45
ED 330 331 50
ED 331 351 35
ED 331 332 84
ED 332 352 47
ED 332 333 67
ED 333 353 68
ED 333 334 28
ED 334 354 34
ED 334 335 65
ED 335 355 37
ED 335 336 39
ED 336 356 57
ED 336 337 93
ED 337 357 56
ED 337 338 38
ED 338 358 54
ED 338 339 39
ED 339 359 11
ED 340 360 63
ED 340 341 71
ED 341 361 55
ED 341 342 46
ED 342 362 38
ED 342 343 44
ED 343 363 20
ED 343 344 37
ED 344 364 51
ED 344 345 13
ED 345 365 14
ED 345 346 56
ED 346 366 31
ED 346 347 63
ED 347 367 11
ED 347 348 50
ED 348 368 27
ED 348 349 11
ED 349 369 97
ED 349 350 54
ED 350 370 58
ED 350 351 9
ED 351 371 31
ED 351 352 60
ED 352 372 21
ED 352 353 31
ED 353 373 32
ED 353 354 67
ED 354 374 23
ED 354 355 28
ED 355 375 59
ED 355 356 58
ED 356 376 49
ED 356 357 62
ED 357 377 8
ED 357 358 34
ED 358 378 19
ED 358 359 23
ED 359 379 7
ED 360 380 64
ED 360 361 87
ED 361 381 53
ED 361 362 61
ED 362 382 19
ED 362 363 24
ED 363 383 64
ED 363 364 75
ED 364 384 29
ED 364 365 55
ED 365 385 47
ED 365 366 60
ED 366 386 40
ED 366 367 58
ED 367 387 4
ED 367 368 53
ED 368 388 54
ED 368 369 74
ED 369 389 78
ED 369 370 71
ED 370 390 43
ED 370 371 68
ED 371 391 44
ED 371 372 35
ED 372 392 50
ED 372 373 18
ED 373 393 36
ED 373 374 47
ED 374 394 72
ED 374 375 29
ED 375 395 43
ED 375 376 72
ED 376 396 12
ED 376 377 38
ED 377 397 34
ED 377 378 48
ED 378 398 88
ED 378 379 40
ED 379 399 36
ED 380 381 12
ED 381 382 47
ED 382 383 69
ED 383 384 50
ED 384 385 49
ED 385 386 29
ED 386 387 30
ED 387 388 57
ED 388 389 64
ED 389 390 58
ED 390 391 23
ED 391 392 96
ED 392 393 34
ED 393 394 68
ED 394 395 69
ED 395 396 52
ED 396 397 59
ED 397 398 22
ED 398 399 51
DM 1 260 1000 
DM 2 116 1000 
DM 3 333 1000 
DM 4 180 1000 
SD 1 221
