VC 400
EC 399
DMC 5
SC 1
NL 0
QN 1
ED 0 1 87
ED 1 2 98
ED 2 3 149
ED 3 4 122
ED 4 5 113
ED 5 6 72
ED 6 7 147
ED 7 8 94
ED 8 9 118
ED 9 10 85
ED 10 11 161
ED 11 12 65
ED 12 13 118
ED 13 14 127
ED 14 15 54
ED 15 16 112
ED 16 17 140
ED 17 18 99
ED 18 19 127
ED 19 20 94
ED 20 21 43
ED 21 22 163
ED 22 23 107
ED 23 24 78
ED 24 25 92
ED 25 26 142
ED 26 27 85
ED 27 28 125
ED 28 29 63
ED 29 30 126
ED 30 31 61
ED 31 32 96
ED 32 33 129
ED 33 34 80
ED 34 35 118
ED 35 36 145
ED 36 37 84
ED 37 38 116
ED 38 39 61
ED 39 40 127
ED 40 41 129
ED 41 42 86
ED 42 43 72
ED 43 44 116
ED 44 45 81
ED 45 46 123
ED 46 47 116
ED 47 48 49
ED 48 49 130
ED 49 50 81
ED 50 51 138
ED 51 52 127
ED 52 53 91
ED 53 54 85
ED 54 55 128
ED 55 56 50
ED 56 57 140
ED 57 58 67
ED 58 59 103
ED 59 60 96
ED 60 61 115
ED 61 62 128
ED 62 63 68
ED 63 64 108
ED 64 65 179
ED 65 66 91
ED 66 67 101
ED 67 68 118
ED 68 69 90
ED 69 70 72
ED 70 71 88
ED 71 72 113
ED 72 73 95
ED 73 74 110
ED 74 75 158
ED 75 76 95
ED 76 77 43
ED 77 78 140
ED 78 79 78
ED 79 80 93
ED 80 81 145
ED 81 82 58
ED 82 83 133
ED 83 84 152
ED 84 85 75
ED 85 86 137
ED 86 87 58
ED 87 88 117
ED 88 89 105
ED 89 90 145
ED 90 91 70
ED 91 92 121
ED 92 93 63
ED 93 94 121
ED 94 95 104
ED 95 96 106
ED 96 97 116
ED 97 98 100
ED 98 99 39
ED 99 100 123
ED 100 101 127
ED 101 102 76
ED 102 103 102
ED 103 104 90
ED 104 105 157
ED 105 106 66
ED 106 107 149
ED 107 108 74
ED 108 109 102
ED 109 110 138
ED 110 111 41
ED 111 112 110
ED 112 113 95
ED 113 114 129
ED 114 115 155
ED 115 116 82
ED 116 117 76
ED 117 118 115
ED 118 119 130
ED 119 120 78
ED 120 121 108
ED 121 122 110
ED 122 123 81
ED 123 124 148
ED 124 125 58
ED 125 126 123
ED 126 127 121
ED 127 128 105
ED 128 129 113
ED 129 130 90
ED 130 131 149
ED 131 132 48
ED 132 133 137
ED 133 134 125
ED 134 135 97
ED 135 136 60
ED 136 137 133
ED 137 138 97
ED 138 139 97
ED 139 140 140
ED 140 141 57
ED 141 142 113
ED 142 143 121
ED 143 144 93
ED 144 145 73
ED 145 146 97
ED 146 147 117
ED 147 148 94
ED 148 149 124
ED 149 150 62
ED 150 151 160
ED 151 152 81
ED 152 153 157
ED 153 154 80
ED 154 155 139
ED 155 156 110
ED 156 157 133
ED 157 158 80
ED 158 159 109
ED 159 160 149
ED 160 161 62
ED 161 162 122
ED 162 163 93
ED 163 164 137
ED 164 165 118
ED 165 166 75
ED 166 167 133
ED 167 168 113
ED 168 169 118
ED 169 170 83
ED 170 171 116
ED 171 172 95
ED 172 173 75
ED 173 174 124
ED 174 175 89
ED 175 176 130
ED 176 177 90
ED 177 178 93
ED 178 179 106
ED 179 180 89
ED 180 181 119
ED 181 182 120
ED 182 183 144
ED 183 184 111
ED 184 185 96
ED 185 186 122
ED 186 187 121
ED 187 188 47
ED 188 189 154
ED 189 190 115
ED 190 191 105
ED 191 192 81
ED 192 193 121
ED 193 194 80
ED 194 195 84
ED 195 196 171
ED 196 197 98
ED 197 198 79
ED 198 199 134
ED 199 200 84
ED 200 201 56
ED 201 202 109
ED 202 203 99
ED 203 204 165
ED 204 205 59
ED 205 206 139
ED 206 207 82
ED 207 208 78
ED 208 209 149
ED 209 210 56
ED 210 211 114
ED 211 212 82
ED 212 213 89
ED 213 214 110
ED 214 215 100
ED 215 216 127
ED 216 217 126
ED 217 218 110
ED 218 219 105
ED 219 220 83
ED 220 221 76
ED 221 222 123
ED 222 223 77
ED 223 224 157
ED 224 225 64
ED 225 226 127
ED 226 227 73
ED 227 228 136
ED 228 229 97
ED 229 230 108
ED 230 231 87
ED 231 232 114
ED 232 233 124
ED 233 234 93
ED 234 235 139
ED 235 236 108
ED 236 237 56
ED 237 238 146
ED 238 239 64
ED 239 240 83
ED 240 241 108
ED 241 242 141
ED 242 243 50
ED 243 244 144
ED 244 245 83
ED 245 246 125
ED 246 247 103
ED 247 248 155
ED 248 249 65
ED 249 250 93
ED 250 251 113
ED 251 252 92
ED 252 253 132
ED 253 254 97
ED 254 255 138
ED 255 256 123
ED 256 257 68
ED 257 258 115
ED 258 259 142
ED 259 260 87
ED 260 261 51
ED 261 262 146
ED 262 263 87
ED 263 264 139
ED 264 265 110
ED 265 266 101
ED 266 267 55
ED 267 268 99
ED 268 269 124
ED 269 270 115
ED 270 271 122
ED 271 272 76
ED 272 273 147
ED 273 274 91
ED 274 275 82
ED 275 276 113
ED 276 277 54
ED 277 278 153
ED 278 279 77
ED 279 280 144
ED 280 281 92
ED 281 282 82
ED 282 283 147
ED 283 284 124
ED 284 285 112
ED 285 286 109
ED 286 287 65
ED 287 288 106
ED 288 289 88
ED 289 290 113
ED 290 291 109
ED 291 292 88
ED 292 293 115
ED 293 294 121
ED 294 295 100
ED 295 296 145
ED 296 297 119
ED 297 298 117
ED 298 299 34
ED 299 300 125
ED 300 301 111
ED 301 302 131
ED 302 303 84
ED 303 304 97
ED 304 305 164
ED 305 306 88
ED 306 307 133
ED 307 308 93
ED 308 309 53
ED 309 310 100
ED 310 311 157
ED 311 312 49
ED 312 313 157
ED 313 314 61
ED 314 315 143
ED 315 316 115
ED 316 317 50
ED 317 318 150
ED 318 319 46
ED 319 320 132
ED 320 321 117
ED 321 322 67
ED 322 323 151
ED 323 324 94
ED 324 325 61
ED 325 326 156
ED 326 327 70
ED 327 328 125
ED 328 329 77
ED 329 330 108
ED 330 331 122
ED 331 332 102
ED 332 333 58
ED 333 334 143
ED 334 335 80
ED 335 336 111
ED 336 337 62
ED 337 338 153
ED 338 339 66
ED 339 340 118
ED 340 341 83
ED 341 342 128
ED 342 343 114
ED 343 344 116
ED 344 345 130
ED 345 346 108
ED 346 347 76
ED 347 348 96
ED 348 349 146
ED 349 350 73
ED 350 351 135
ED 351 352 96
ED 352 353 101
ED 353 354 86
ED 354 355 140
ED 355 356 98
ED 356 357 125
ED 357 358 81
ED 358 359 159
ED 359 360 106
ED 360 361 44
ED 361 362 157
ED 362 363 67
ED 363 364 137
ED 364 365 116
ED 365 366 98
ED 366 367 72
ED 367 368 164
ED 368 369 109
ED 369 370 71
ED 370 371 167
ED 371 372 58
ED 372 373 145
ED 373 374 59
ED 374 375 140
ED 375 376 127
ED 376 377 107
ED 377 378 77
ED 378 379 109
ED 379 380 87
ED 380 381 125
ED 381 382 132
ED 382 383 46
ED 383 384 149
ED 384 385 61
ED 385 386 154
ED 386 387 64
ED 387 388 154
ED 388 389 64
ED 389 390 125
ED 390 391 75
ED 391 392 153
ED 392 393 64
ED 393 394 78
ED 394 395 146
ED 395 396 121
ED 396 397 57
ED 397 398 140
ED 398 399 92
DM 1 165 1000 
DM 2 177 1000 
DM 3 305 1000 
DM 4 336 1000 
DM 5 13 1000 
SD 1 395
