VC 25
EC 40
DMC 7
SC 1
NL 0
QN 1
ED 0 5 90
ED 0 1 37
ED 1 6 34
ED 1 2 26
ED 2 7 35
ED 2 3 42
ED 3 8 25
ED 3 4 8
ED 4 9 52
ED 5 10 64
ED 5 6 20
ED 6 11 65
ED 6 7 73
ED 7 12 66
ED 7 8 80
ED 8 13 85
ED 8 9 64
ED 9 14 54
ED 10 15 50
ED 10 11 38
ED 11 16 39
ED 11 12 57
ED 12 17 37
ED 12 13 67
ED 13 18 12
ED 13 14 20
ED 14 19 50
ED 15 20 65
ED 15 16 28
ED 16 21 45
ED 16 17 29
ED 17 22 56
ED 17 18 58
ED 18 23 18
ED 18 19 54
ED 19 24 30
ED 20 21 70
ED 21 22 59
ED 22 23 41
ED 23 24 6
DM 1 21 1000 
DM 2 15 1000 
DM 3 24 1000 
DM 4 1 1000 
DM 5 3 1000 
DM 6 13 1000 
DM 7 11 1000 
SD 1 17
