VC 25
EC 56
DMC 7
SC 1
NL 0
QN 1
ED 0 5 201
ED 0 1 258
ED 1 6 150
ED 1 2 186
ED 1 5 199
ED 2 7 213
ED 2 3 193
ED 3 8 217
ED 3 4 202
ED 3 7 117
ED 4 9 211
ED 5 10 239
ED 5 6 233
ED 6 11 224
ED 6 7 205
ED 6 10 169
ED 7 12 170
ED 7 8 184
ED 7 1 182
ED 8 13 221
ED 8 9 170
ED 8 12 148
ED 9 14 209
ED 9 3 160
ED 10 15 206
ED 10 11 163
ED 11 16 232
ED 11 12 246
ED 11 15 135
ED 12 17 181
ED 12 13 215
ED 12 6 180
ED 13 18 177
ED 13 14 246
ED 13 17 118
ED 14 19 185
ED 14 8 170
ED 15 20 163
ED 15 16 207
ED 16 21 179
ED 16 17 248
ED 16 20 182
ED 17 22 220
ED 17 18 220
ED 17 11 193
ED 18 23 211
ED 18 19 244
ED 18 22 104
ED 19 24 209
ED 19 13 206
ED 20 21 216
ED 21 22 270
ED 22 23 199
ED 22 16 184
ED 23 24 251
ED 24 18 215
DM 1 14 1000 
DM 2 2 1000 
DM 3 15 1000 
DM 4 10 1000 
DM 5 23 1000 
DM 6 4 1000 
DM 7 16 1000 
SD 1 15
