VC 100
EC 99
DMC 4
SC 1
NL 0
QN 1
ED 0 1 72
ED 1 2 163
ED 2 3 94
ED 3 4 39
ED 4 5 152
ED 5 6 95
ED 6 7 124
ED 7 8 103
ED 8 9 106
ED 9 10 111
ED 10 11 76
ED 11 12 160
ED 12 13 66
ED 13 14 153
ED 14 15 104
ED 15 16 102
ED 16 17 105
ED 17 18 105
ED 18 19 103
ED 19 20 104
ED 20 21 114
ED 21 22 99
ED 22 23 94
ED 23 24 114
ED 24 25 91
ED 25 26 142
ED 26 27 81
ED 27 28 109
ED 28 29 86
ED 29 30 144
ED 30 31 100
ED 31 32 87
ED 32 33 93
ED 33 34 99
ED 34 35 80
ED 35 36 105
ED 36 37 157
ED 37 38 81
ED 38 39 75
ED 39 40 95
ED 40 41 119
ED 41 42 103
ED 42 43 118
ED 43 44 125
ED 44 45 142
ED 45 46 110
ED 46 47 85
ED 47 48 125
ED 48 49 101
ED 49 50 42
ED 50 51 89
ED 51 52 149
ED 52 53 93
ED 53 54 139
ED 54 55 90
ED 55 56 68
ED 56 57 151
ED 57 58 67
ED 58 59 145
ED 59 60 66
ED 60 61 181
ED 61 62 90
ED 62 63 98
ED 63 64 130
ED 64 65 110
ED 65 66 74
ED 66 67 154
ED 67 68 96
ED 68 69 57
ED 69 70 106
ED 70 71 99
ED 71 72 126
ED 72 73 120
ED 73 74 125
ED 74 75 110
ED 75 76 62
ED 76 77 127
ED 77 78 103
ED 78 79 97
ED 79 80 63
ED 80 81 153
ED 81 82 100
ED 82 83 134
ED 83 84 67
ED 84 85 141
ED 85 86 65
ED 86 87 132
ED 87 88 73
ED 88 89 108
ED 89 90 126
ED 90 91 87
ED 91 92 112
ED 92 93 72
ED 93 94 95
ED 94 95 154
ED 95 96 37
ED 96 97 138
ED 97 98 90
ED 98 99 136
DM 1 29 1000 
DM 2 18 1000 
DM 3 20 1000 
DM 4 10 1000 
SD 1 38
