VC 100
EC 261
DMC 3
SC 1
NL 0
QN 1
ED 0 10 160
ED 0 1 204
ED 1 11 168
ED 1 2 230
ED 1 10 186
ED 2 12 259
ED 2 3 238
ED 3 13 207
ED 3 4 235
ED 3 12 205
ED 4 14 206
ED 4 5 217
ED 5 15 269
ED 5 6 140
ED 5 14 196
ED 6 16 177
ED 6 7 137
ED 7 17 233
ED 7 8 234
ED 7 16 138
ED 8 18 238
ED 8 9 204
ED 9 19 257
ED 9 18 125
ED 10 20 215
ED 10 11 234
ED 11 21 202
ED 11 12 148
ED 11 20 192
ED 12 22 155
ED 12 13 246
ED 12 1 103
ED 13 23 184
ED 13 14 222
ED 13 22 169
ED 14 24 246
ED 14 15 265
ED 14 3 155
ED 15 25 140
ED 15 16 198
ED 15 24 177
ED 16 26 209
ED 16 17 189
ED 16 5 169
ED 17 27 150
ED 17 18 261
ED 17 26 149
ED 18 28 223
ED 18 19 215
ED 18 7 232
ED 19 29 222
ED 19 28 182
ED 20 30 177
ED 20 21 249
ED 21 31 217
ED 21 22 205
ED 21 30 200
ED 22 32 194
ED 22 23 212
ED 22 11 148
ED 23 33 197
ED 23 24 213
ED 23 32 170
ED 24 34 179
ED 24 25 167
ED 24 13 165
ED 25 35 245
ED 25 26 160
ED 25 34 212
ED 26 36 204
ED 26 27 162
ED 26 15 124
ED 27 37 257
ED 27 28 188
ED 27 36 176
ED 28 38 197
ED 28 29 189
ED 28 17 177
ED 29 39 166
ED 29 38 136
ED 30 40 216
ED 30 31 248
ED 31 41 169
ED 31 32 228
ED 31 40 163
ED 32 42 253
ED 32 33 262
ED 32 21 103
ED 33 43 182
ED 33 34 164
ED 33 42 196
ED 34 44 229
ED 34 35 231
ED 34 23 146
ED 35 45 151
ED 35 36 209
ED 35 44 135
ED 36 46 176
ED 36 37 171
ED 36 25 187
ED 37 47 175
ED 37 38 224
ED 37 46 100
ED 38 48 176
ED 38 39 223
ED 38 27 172
ED 39 49 196
ED 39 48 158
ED 40 50 193
ED 40 41 192
ED 41 51 217
ED 41 42 216
ED 41 50 150
ED 42 52 203
ED 42 43 203
ED 42 31 179
ED 43 53 235
ED 43 44 173
ED 43 52 233
ED 44 54 174
ED 44 45 165
ED 44 33 176
ED 45 55 252
ED 45 46 181
ED 45 54 211
ED 46 56 205
ED 46 47 195
ED 46 35 185
ED 47 57 224
ED 47 48 210
ED 47 56 198
ED 48 58 238
ED 48 49 191
ED 48 37 207
ED 49 59 197
ED 49 58 168
ED 50 60 180
ED 50 51 262
ED 51 61 215
ED 51 52 134
ED 51 60 193
ED 52 62 177
ED 52 53 244
ED 52 41 196
ED 53 63 229
ED 53 54 187
ED 53 62 163
ED 54 64 180
ED 54 55 204
ED 54 43 124
ED 55 65 201
ED 55 56 230
ED 55 64 81
ED 56 66 170
ED 56 57 230
ED 56 45 157
ED 57 67 167
ED 57 58 197
ED 57 66 200
ED 58 68 193
ED 58 59 164
ED 58 47 166
ED 59 69 236
ED 59 68 184
ED 60 70 275
ED 60 61 211
ED 61 71 199
ED 61 62 250
ED 61 70 149
ED 62 72 172
ED 62 63 208
ED 62 51 158
ED 63 73 157
ED 63 64 290
ED 63 72 132
ED 64 74 250
ED 64 65 201
ED 64 53 148
ED 65 75 222
ED 65 66 237
ED 65 74 151
ED 66 76 208
ED 66 67 241
ED 66 55 163
ED 67 77 198
ED 67 68 163
ED 67 76 202
ED 68 78 191
ED 68 69 200
ED 68 57 127
ED 69 79 163
ED 69 78 142
ED 70 80 164
ED 70 71 157
ED 71 81 187
ED 71 72 235
ED 71 80 127
ED 72 82 269
ED 72 73 214
ED 72 61 188
ED 73 83 196
ED 73 74 186
ED 73 82 140
ED 74 84 191
ED 74 75 220
ED 74 63 144
ED 75 85 195
ED 75 76 243
ED 75 84 111
ED 76 86 239
ED 76 77 229
ED 76 65 165
ED 77 87 194
ED 77 78 174
ED 77 86 161
ED 78 88 193
ED 78 79 163
ED 78 67 147
ED 79 89 233
ED 79 88 133
ED 80 90 178
ED 80 81 189
ED 81 91 246
ED 81 82 180
ED 81 90 194
ED 82 92 199
ED 82 83 160
ED 82 71 230
ED 83 93 236
ED 83 84 196
ED 83 92 187
ED 84 94 190
ED 84 85 203
ED 84 73 188
ED 85 95 152
ED 85 86 261
ED 85 94 129
ED 86 96 229
ED 86 87 129
ED 86 75 217
ED 87 97 243
ED 87 88 209
ED 87 96 202
ED 88 98 229
ED 88 89 191
ED 88 77 156
ED 89 99 211
ED 89 98 145
ED 90 91 271
ED 91 92 176
ED 92 93 174
ED 92 81 182
ED 93 94 241
ED 94 95 218
ED 94 83 139
ED 95 96 122
ED 96 97 241
ED 96 85 160
ED 97 98 161
ED 98 99 218
ED 98 87 196
DM 1 8 1000 
DM 2 82 1000 
DM 3 14 1000 
SD 1 99
