VC 100
EC 180
DMC 1
SC 1
NL 0
QN 1
ED 0 10 25
ED 0 1 73
ED 1 11 42
ED 1 2 20
ED 2 12 31
ED 2 3 60
ED 3 13 39
ED 3 4 30
ED 4 14 30
ED 4 5 25
ED 5 15 36
ED 5 6 88
ED 6 16 68
ED 6 7 54
ED 7 17 40
ED 7 8 42
ED 8 18 62
ED 8 9 37
ED 9 19 7
ED 10 20 60
ED 10 11 32
ED 11 21 16
ED 11 12 47
ED 12 22 49
ED 12 13 13
ED 13 23 50
ED 13 14 21
ED 14 24 18
ED 14 15 40
ED 15 25 26
ED 15 16 17
ED 16 26 36
ED 16 17 4
ED 17 27 58
ED 17 18 52
ED 18 28 41
ED 18 19 30
ED 19 29 45
ED 20 30 87
ED 20 21 48
ED 21 31 20
ED 21 22 44
ED 22 32 18
ED 22 23 85
ED 23 33 101
ED 23 24 52
ED 24 34 56
ED 24 25 38
ED 25 35 16
ED 25 26 14
ED 26 36 53
ED 26 27 38
ED 27 37 30
ED 27 28 69
ED 28 38 17
ED 28 29 66
ED 29 39 89
ED 30 40 69
ED 30 31 43
ED 31 41 12
ED 31 32 24
ED 32 42 18
ED 32 33 36
ED 33 43 37
ED 33 34 103
ED 34 44 16
ED 34 35 70
ED 35 45 9
ED 35 36 49
ED 36 46 37
ED 36 37 41
ED 37 47 36
ED 37 38 34
ED 38 48 12
ED 38 39 26
ED 39 49 79
ED 40 50 44
ED 40 41 41
ED 41 51 27
ED 41 42 53
ED 42 52 33
ED 42 43 21
ED 43 53 11
ED 43 44 54
ED 44 54 50
ED 44 45 61
ED 45 55 32
ED 45 46 50
ED 46 56 8
ED 46 47 22
ED 47 57 57
ED 47 48 10
ED 48 58 38
ED 48 49 63
ED 49 59 57
ED 50 60 23
ED 50 51 21
ED 51 61 55
ED 51 52 48
ED 52 62 58
ED 52 53 11
ED 53 63 29
ED 53 54 12
ED 54 64 26
ED 54 55 23
ED 55 65 21
ED 55 56 45
ED 56 66 54
ED 56 57 39
ED 57 67 8
ED 57 58 72
ED 58 68 58
ED 58 59 21
ED 59 69 9
ED 60 70 20
ED 60 61 45
ED 61 71 33
ED 61 62 48
ED 62 72 9
ED 62 63 44
ED 63 73 22
ED 63 64 45
ED 64 74 60
ED 64 65 10
ED 65 75 29
ED 65 66 43
ED 66 76 44
ED 66 67 20
ED 67 77 37
ED 67 68 43
ED 68 78 10
ED 68 69 45
ED 69 79 50
ED 70 80 43
ED 70 71 31
ED 71 81 22
ED 71 72 14
ED 72 82 29
ED 72 73 44
ED 73 83 44
ED 73 74 41
ED 74 84 66
ED 74 75 45
ED 75 85 71
ED 75 76 27
ED 76 86 14
ED 76 77 84
ED 77 87 36
ED 77 78 23
ED 78 88 37
ED 78 79 59
ED 79 89 78
ED 80 90 48
ED 80 81 10
ED 81 91 79
ED 81 82 19
ED 82 92 34
ED 82 83 41
ED 83 93 56
ED 83 84 47
ED 84 94 7
ED 84 85 37
ED 85 95 23
ED 85 86 56
ED 86 96 12
ED 86 87 51
ED 87 97 19
ED 87 88 29
ED 88 98 70
ED 88 89 33
ED 89 99 48
ED 90 91 64
ED 91 92 41
ED 92 93 50
ED 93 94 14
ED 94 95 44
ED 95 96 71
ED 96 97 71
ED 97 98 66
ED 98 99 35
DM 1 31 1000 
SD 1 99
