VC 25
EC 56
DMC 3
SC 1
NL 0
QN 1
ED 0 5 204
ED 0 1 205
ED 1 6 139
ED 1 2 260
ED 1 5 100
ED 2 7 196
ED 2 3 224
ED 3 8 159
ED 3 4 247
ED 3 7 114
ED 4 9 248
ED 5 10 182
ED 5 6 167
ED 6 11 265
ED 6 7 229
ED 6 10 174
ED 7 12 211
ED 7 8 176
ED 7 1 223
ED 8 13 260
ED 8 9 197
ED 8 12 196
ED 9 14 185
ED 9 3 191
ED 10 15 236
ED 10 11 227
ED 11 16 177
ED 11 12 245
ED 11 15 125
ED 12 17 261
ED 12 13 244
ED 12 6 142
ED 13 18 147
ED 13 14 252
ED 13 17 121
ED 14 19 211
ED 14 8 183
ED 15 20 146
ED 15 16 217
ED 16 21 253
ED 16 17 170
ED 16 20 184
ED 17 22 184
ED 17 18 159
ED 17 11 216
ED 18 23 205
ED 18 19 145
ED 18 22 220
ED 19 24 199
ED 19 13 145
ED 20 21 245
ED 21 22 222
ED 22 23 227
ED 22 16 112
ED 23 24 170
ED 24 18 163
DM 1 14 1000 
DM 2 13 1000 
DM 3 1 1000 
SD 1 6
