VC 100
EC 180
DMC 7
SC 1
NL 0
QN 1
ED 0 10 43
ED 0 1 33
ED 1 11 45
ED 1 2 37
ED 2 12 36
ED 2 3 51
ED 3 13 22
ED 3 4 27
ED 4 14 28
ED 4 5 31
ED 5 15 67
ED 5 6 32
ED 6 16 10
ED 6 7 54
ED 7 17 41
ED 7 8 22
ED 8 18 19
ED 8 9 34
ED 9 19 41
ED 10 20 33
ED 10 11 44
ED 11 21 12
ED 11 12 66
ED 12 22 50
ED 12 13 37
ED 13 23 10
ED 13 14 33
ED 14 24 77
ED 14 15 62
ED 15 25 63
ED 15 16 68
ED 16 26 45
ED 16 17 73
ED 17 27 27
ED 17 18 38
ED 18 28 25
ED 18 19 41
ED 19 29 46
ED 20 30 58
ED 20 21 17
ED 21 31 74
ED 21 22 75
ED 22 32 28
ED 22 23 52
ED 23 33 5
ED 23 24 49
ED 24 34 3
ED 24 25 49
ED 25 35 37
ED 25 26 29
ED 26 36 30
ED 26 27 32
ED 27 37 71
ED 27 28 36
ED 28 38 36
ED 28 29 34
ED 29 39 77
ED 30 40 49
ED 30 31 86
ED 31 41 75
ED 31 32 8
ED 32 42 12
ED 32 33 42
ED 33 43 19
ED 33 34 42
ED 34 44 64
ED 34 35 65
ED 35 45 49
ED 35 36 27
ED 36 46 15
ED 36 37 35
ED 37 47 52
ED 37 38 12
ED 38 48 40
ED 38 39 76
ED 39 49 69
ED 40 50 32
ED 40 41 32
ED 41 51 19
ED 41 42 63
ED 42 52 9
ED 42 43 30
ED 43 53 45
ED 43 44 41
ED 44 54 53
ED 44 45 28
ED 45 55 28
ED 45 46 42
ED 46 56 48
ED 46 47 18
ED 47 57 54
ED 47 48 16
ED 48 58 66
ED 48 49 59
ED 49 59 26
ED 50 60 39
ED 50 51 75
ED 51 61 50
ED 51 52 83
ED 52 62 43
ED 52 53 50
ED 53 63 25
ED 53 54 61
ED 54 64 38
ED 54 55 38
ED 55 65 33
ED 55 56 22
ED 56 66 46
ED 56 57 42
ED 57 67 44
ED 57 58 51
ED 58 68 63
ED 58 59 28
ED 59 69 23
ED 60 70 44
ED 60 61 15
ED 61 71 38
ED 61 62 15
ED 62 72 11
ED 62 63 24
ED 63 73 36
ED 63 64 3
ED 64 74 68
ED 64 65 58
ED 65 75 69
ED 65 66 49
ED 66 76 51
ED 66 67 51
ED 67 77 62
ED 67 68 79
ED 68 78 62
ED 68 69 50
ED 69 79 35
ED 70 80 49
ED 70 71 67
ED 71 81 59
ED 71 72 44
ED 72 82 58
ED 72 73 36
ED 73 83 59
ED 73 74 43
ED 74 84 24
ED 74 75 60
ED 75 85 5
ED 75 76 76
ED 76 86 38
ED 76 77 49
ED 77 87 55
ED 77 78 49
ED 78 88 13
ED 78 79 66
ED 79 89 42
ED 80 90 67
ED 80 81 89
ED 81 91 30
ED 81 82 28
ED 82 92 13
ED 82 83 25
ED 83 93 77
ED 83 84 38
ED 84 94 28
ED 84 85 70
ED 85 95 11
ED 85 86 47
ED 86 96 34
ED 86 87 19
ED 87 97 21
ED 87 88 17
ED 88 98 85
ED 88 89 72
ED 89 99 18
ED 90 91 73
ED 91 92 14
ED 92 93 47
ED 93 94 52
ED 94 95 39
ED 95 96 67
ED 96 97 25
ED 97 98 64
ED 98 99 34
DM 1 61 1000 
DM 2 45 1000 
DM 3 57 1000 
DM 4 30 1000 
DM 5 65 1000 
DM 6 29 1000 
DM 7 76 1000 
SD 1 88
