VC 400
EC 399
DMC 3
SC 1
NL 0
QN 1
ED 0 1 75
ED 1 2 118
ED 2 3 63
ED 3 4 97
ED 4 5 173
ED 5 6 59
ED 6 7 107
ED 7 8 105
ED 8 9 132
ED 9 10 85
ED 10 11 126
ED 11 12 71
ED 12 13 144
ED 13 14 107
ED 14 15 117
ED 15 16 37
ED 16 17 173
ED 17 18 46
ED 18 19 118
ED 19 20 116
ED 20 21 143
ED 21 22 36
ED 22 23 107
ED 23 24 150
ED 24 25 99
ED 25 26 60
ED 26 27 147
ED 27 28 105
ED 28 29 68
ED 29 30 154
ED 30 31 124
ED 31 32 56
ED 32 33 144
ED 33 34 120
ED 34 35 44
ED 35 36 162
ED 36 37 78
ED 37 38 115
ED 38 39 57
ED 39 40 143
ED 40 41 135
ED 41 42 56
ED 42 43 119
ED 43 44 147
ED 44 45 74
ED 45 46 126
ED 46 47 59
ED 47 48 119
ED 48 49 83
ED 49 50 142
ED 50 51 130
ED 51 52 57
ED 52 53 102
ED 53 54 91
ED 54 55 122
ED 55 56 104
ED 56 57 133
ED 57 58 57
ED 58 59 156
ED 59 60 72
ED 60 61 124
ED 61 62 78
ED 62 63 102
ED 63 64 106
ED 64 65 93
ED 65 66 169
ED 66 67 60
ED 67 68 101
ED 68 69 131
ED 69 70 112
ED 70 71 104
ED 71 72 63
ED 72 73 94
ED 73 74 110
ED 74 75 172
ED 75 76 56
ED 76 77 138
ED 77 78 57
ED 78 79 110
ED 79 80 75
ED 80 81 108
ED 81 82 107
ED 82 83 160
ED 83 84 79
ED 84 85 109
ED 85 86 119
ED 86 87 60
ED 87 88 109
ED 88 89 124
ED 89 90 96
ED 90 91 97
ED 91 92 99
ED 92 93 107
ED 93 94 156
ED 94 95 63
ED 95 96 90
ED 96 97 129
ED 97 98 133
ED 98 99 63
ED 99 100 139
ED 100 101 98
ED 101 102 111
ED 102 103 99
ED 103 104 101
ED 104 105 55
ED 105 106 165
ED 106 107 105
ED 107 108 128
ED 108 109 99
ED 109 110 68
ED 110 111 134
ED 111 112 114
ED 112 113 88
ED 113 114 85
ED 114 115 118
ED 115 116 70
ED 116 117 112
ED 117 118 147
ED 118 119 107
ED 119 120 84
ED 120 121 156
ED 121 122 88
ED 122 123 91
ED 123 124 71
ED 124 125 163
ED 125 126 69
ED 126 127 89
ED 127 128 130
ED 128 129 74
ED 129 130 109
ED 130 131 140
ED 131 132 127
ED 132 133 102
ED 133 134 62
ED 134 135 150
ED 135 136 44
ED 136 137 146
ED 137 138 92
ED 138 139 99
ED 139 140 93
ED 140 141 133
ED 141 142 118
ED 142 143 123
ED 143 144 35
ED 144 145 111
ED 145 146 157
ED 146 147 34
ED 147 148 162
ED 148 149 123
ED 149 150 125
ED 150 151 64
ED 151 152 148
ED 152 153 83
ED 153 154 106
ED 154 155 136
ED 155 156 51
ED 156 157 170
ED 157 158 117
ED 158 159 106
ED 159 160 35
ED 160 161 113
ED 161 162 126
ED 162 163 74
ED 163 164 171
ED 164 165 73
ED 165 166 81
ED 166 167 112
ED 167 168 113
ED 168 169 127
ED 169 170 140
ED 170 171 107
ED 171 172 101
ED 172 173 112
ED 173 174 73
ED 174 175 130
ED 175 176 113
ED 176 177 122
ED 177 178 63
ED 178 179 153
ED 179 180 57
ED 180 181 130
ED 181 182 110
ED 182 183 84
ED 183 184 153
ED 184 185 74
ED 185 186 167
ED 186 187 31
ED 187 188 167
ED 188 189 87
ED 189 190 96
ED 190 191 133
ED 191 192 115
ED 192 193 49
ED 193 194 156
ED 194 195 95
ED 195 196 98
ED 196 197 61
ED 197 198 113
ED 198 199 101
ED 199 200 91
ED 200 201 163
ED 201 202 77
ED 202 203 165
ED 203 204 88
ED 204 205 98
ED 205 206 130
ED 206 207 30
ED 207 208 135
ED 208 209 72
ED 209 210 132
ED 210 211 133
ED 211 212 40
ED 212 213 144
ED 213 214 111
ED 214 215 145
ED 215 216 48
ED 216 217 121
ED 217 218 120
ED 218 219 60
ED 219 220 157
ED 220 221 125
ED 221 222 89
ED 222 223 91
ED 223 224 50
ED 224 225 131
ED 225 226 102
ED 226 227 145
ED 227 228 91
ED 228 229 119
ED 229 230 70
ED 230 231 128
ED 231 232 117
ED 232 233 138
ED 233 234 41
ED 234 235 157
ED 235 236 53
ED 236 237 98
ED 237 238 130
ED 238 239 105
ED 239 240 77
ED 240 241 120
ED 241 242 127
ED 242 243 75
ED 243 244 119
ED 244 245 80
ED 245 246 92
ED 246 247 111
ED 247 248 161
ED 248 249 114
ED 249 250 70
ED 250 251 129
ED 251 252 125
ED 252 253 76
ED 253 254 85
ED 254 255 111
ED 255 256 93
ED 256 257 145
ED 257 258 92
ED 258 259 125
ED 259 260 137
ED 260 261 81
ED 261 262 78
ED 262 263 163
ED 263 264 49
ED 264 265 144
ED 265 266 102
ED 266 267 83
ED 267 268 115
ED 268 269 105
ED 269 270 78
ED 270 271 104
ED 271 272 116
ED 272 273 92
ED 273 274 170
ED 274 275 57
ED 275 276 157
ED 276 277 101
ED 277 278 67
ED 278 279 115
ED 279 280 108
ED 280 281 80
ED 281 282 169
ED 282 283 91
ED 283 284 54
ED 284 285 106
ED 285 286 113
ED 286 287 143
ED 287 288 78
ED 288 289 142
ED 289 290 136
ED 290 291 105
ED 291 292 98
ED 292 293 61
ED 293 294 89
ED 294 295 85
ED 295 296 167
ED 296 297 58
ED 297 298 101
ED 298 299 127
ED 299 300 124
ED 300 301 68
ED 301 302 150
ED 302 303 70
ED 303 304 77
ED 304 305 119
ED 305 306 132
ED 306 307 73
ED 307 308 107
ED 308 309 147
ED 309 310 64
ED 310 311 129
ED 311 312 142
ED 312 313 92
ED 313 314 86
ED 314 315 107
ED 315 316 75
ED 316 317 160
ED 317 318 84
ED 318 319 110
ED 319 320 127
ED 320 321 91
ED 321 322 95
ED 322 323 47
ED 323 324 122
ED 324 325 130
ED 325 326 117
ED 326 327 97
ED 327 328 57
ED 328 329 160
ED 329 330 43
ED 330 331 162
ED 331 332 66
ED 332 333 72
ED 333 334 111
ED 334 335 132
ED 335 336 125
ED 336 337 105
ED 337 338 66
ED 338 339 84
ED 339 340 120
ED 340 341 147
ED 341 342 47
ED 342 343 147
ED 343 344 82
ED 344 345 143
ED 345 346 92
ED 346 347 70
ED 347 348 116
ED 348 349 101
ED 349 350 114
ED 350 351 130
ED 351 352 122
ED 352 353 87
ED 353 354 86
ED 354 355 126
ED 355 356 91
ED 356 357 171
ED 357 358 43
ED 358 359 89
ED 359 360 158
ED 360 361 95
ED 361 362 95
ED 362 363 111
ED 363 364 106
ED 364 365 85
ED 365 366 133
ED 366 367 83
ED 367 368 127
ED 368 369 107
ED 369 370 83
ED 370 371 82
ED 371 372 92
ED 372 373 124
ED 373 374 144
ED 374 375 55
ED 375 376 148
ED 376 377 124
ED 377 378 106
ED 378 379 89
ED 379 380 96
ED 380 381 105
ED 381 382 90
ED 382 383 82
ED 383 384 163
ED 384 385 114
ED 385 386 57
ED 386 387 104
ED 387 388 136
ED 388 389 103
ED 389 390 89
ED 390 391 158
ED 391 392 59
ED 392 393 160
ED 393 394 80
ED 394 395 117
ED 395 396 139
ED 396 397 120
ED 397 398 65
ED 398 399 156
DM 1 380 1000 
DM 2 340 1000 
DM 3 343 1000 
SD 1 40
