VC 100
EC 99
DMC 7
SC 1
NL 0
QN 1
ED 0 1 51
ED 1 2 119
ED 2 3 100
ED 3 4 84
ED 4 5 142
ED 5 6 120
ED 6 7 82
ED 7 8 93
ED 8 9 105
ED 9 10 130
ED 10 11 99
ED 11 12 109
ED 12 13 80
ED 13 14 129
ED 14 15 100
ED 15 16 91
ED 16 17 102
ED 17 18 93
ED 18 19 141
ED 19 20 66
ED 20 21 106
ED 21 22 96
ED 22 23 129
ED 23 24 136
ED 24 25 90
ED 25 26 86
ED 26 27 127
ED 27 28 109
ED 28 29 113
ED 29 30 102
ED 30 31 103
ED 31 32 99
ED 32 33 57
ED 33 34 109
ED 34 35 108
ED 35 36 88
ED 36 37 157
ED 37 38 107
ED 38 39 131
ED 39 40 32
ED 40 41 124
ED 41 42 97
ED 42 43 158
ED 43 44 93
ED 44 45 83
ED 45 46 103
ED 46 47 69
ED 47 48 154
ED 48 49 126
ED 49 50 78
ED 50 51 162
ED 51 52 28
ED 52 53 163
ED 53 54 85
ED 54 55 112
ED 55 56 67
ED 56 57 152
ED 57 58 130
ED 58 59 65
ED 59 60 148
ED 60 61 46
ED 61 62 161
ED 62 63 95
ED 63 64 43
ED 64 65 164
ED 65 66 98
ED 66 67 94
ED 67 68 113
ED 68 69 101
ED 69 70 137
ED 70 71 98
ED 71 72 56
ED 72 73 143
ED 73 74 108
ED 74 75 122
ED 75 76 126
ED 76 77 39
ED 77 78 141
ED 78 79 81
ED 79 80 68
ED 80 81 101
ED 81 82 136
ED 82 83 111
ED 83 84 116
ED 84 85 44
ED 85 86 133
ED 86 87 70
ED 87 88 130
ED 88 89 119
ED 89 90 104
ED 90 91 98
ED 91 92 76
ED 92 93 140
ED 93 94 103
ED 94 95 48
ED 95 96 100
ED 96 97 170
ED 97 98 93
ED 98 99 75
DM 1 11 1000 
DM 2 42 1000 
DM 3 85 1000 
DM 4 38 1000 
DM 5 40 1000 
DM 6 58 1000 
DM 7 78 1000 
SD 1 92
