VC 400
EC 760
DMC 4
SC 1
NL 0
QN 1
ED 0 20 10
ED 0 1 83
ED 1 21 55
ED 1 2 76
ED 2 22 11
ED 2 3 63
ED 3 23 33
ED 3 4 64
ED 4 24 74
ED 4 5 52
ED 5 25 10
ED 5 6 39
ED 6 26 23
ED 6 7 39
ED 7 27 8
ED 7 8 68
ED 8 28 47
ED 8 9 23
ED 9 29 20
ED 9 10 45
ED 10 30 26
ED 10 11 23
ED 11 31 26
ED 11 12 46
ED 12 32 31
ED 12 13 33
ED 13 33 44
ED 13 14 50
ED 14 34 51
ED 14 15 46
ED 15 35 67
ED 15 16 64
ED 16 36 11
ED 16 17 65
ED 17 37 10
ED 17 18 75
ED 18 38 14
ED 18 19 21
ED 19 39 83
ED 20 40 59
ED 20 21 49
ED 21 41 45
ED 21 22 26
ED 22 42 63
ED 22 23 40
ED 23 43 11
ED 23 24 38
ED 24 44 7
ED 24 25 42
ED 25 45 37
ED 25 26 53
ED 26 46 74
ED 26 27 37
ED 27 47 50
ED 27 28 52
ED 28 48 50
ED 28 29 65
ED 29 49 29
ED 29 30 7
ED 30 50 35
ED 30 31 38
ED 31 51 47
ED 31 32 15
ED 32 52 6
ED 32 33 34
ED 33 53 72
ED 33 34 39
ED 34 54 47
ED 34 35 30
ED 35 55 33
ED 35 36 45
ED 36 56 42
ED 36 37 60
ED 37 57 45
ED 37 38 66
ED 38 58 16
ED 38 39 58
ED 39 59 39
ED 40 60 42
ED 40 41 52
ED 41 61 62
ED 41 42 41
ED 42 62 66
ED 42 43 28
ED 43 63 41
ED 43 44 42
ED 44 64 83
ED 44 45 59
ED 45 65 32
ED 45 46 42
ED 46 66 62
ED 46 47 54
ED 47 67 29
ED 47 48 49
ED 48 68 46
ED 48 49 75
ED 49 69 77
ED 49 50 28
ED 50 70 37
ED 50 51 52
ED 51 71 41
ED 51 52 38
ED 52 72 29
ED 52 53 49
ED 53 73 79
ED 53 54 76
ED 54 74 39
ED 54 55 19
ED 55 75 45
ED 55 56 49
ED 56 76 48
ED 56 57 47
ED 57 77 43
ED 57 58 51
ED 58 78 7
ED 58 59 29
ED 59 79 39
ED 60 80 16
ED 60 61 65
ED 61 81 47
ED 61 62 29
ED 62 82 57
ED 62 63 50
ED 63 83 72
ED 63 64 74
ED 64 84 45
ED 64 65 58
ED 65 85 8
ED 65 66 32
ED 66 86 26
ED 66 67 73
ED 67 87 13
ED 67 68 77
ED 68 88 15
ED 68 69 53
ED 69 89 25
ED 69 70 76
ED 70 90 45
ED 70 71 48
ED 71 91 50
ED 71 72 30
ED 72 92 66
ED 72 73 20
ED 73 93 56
ED 73 74 18
ED 74 94 11
ED 74 75 59
ED 75 95 32
ED 75 76 42
ED 76 96 42
ED 76 77 45
ED 77 97 26
ED 77 78 35
ED 78 98 85
ED 78 79 41
ED 79 99 6
ED 80 100 52
ED 80 81 25
ED 81 101 8
ED 81 82 36
ED 82 102 41
ED 82 83 74
ED 83 103 50
ED 83 84 43
ED 84 104 51
ED 84 85 13
ED 85 105 49
ED 85 86 52
ED 86 106 75
ED 86 87 73
ED 87 107 35
ED 87 88 57
ED 88 108 53
ED 88 89 42
ED 89 109 57
ED 89 90 44
ED 90 110 56
ED 90 91 54
ED 91 111 74
ED 91 92 4
ED 92 112 26
ED 92 93 13
ED 93 113 51
ED 93 94 63
ED 94 114 15
ED 94 95 38
ED 95 115 31
ED 95 96 30
ED 96 116 38
ED 96 97 38
ED 97 117 26
ED 97 98 76
ED 98 118 19
ED 98 99 71
ED 99 119 62
ED 100 120 46
ED 100 101 26
ED 101 121 8
ED 101 102 29
ED 102 122 44
ED 102 103 37
ED 103 123 42
ED 103 104 64
ED 104 124 28
ED 104 105 84
ED 105 125 76
ED 105 106 50
ED 106 126 60
ED 106 107 25
ED 107 127 50
ED 107 108 61
ED 108 128 34
ED 108 109 34
ED 109 129 37
ED 109 110 69
ED 110 130 40
ED 110 111 39
ED 111 131 52
ED 111 112 63
ED 112 132 4
ED 112 113 39
ED 113 133 73
ED 113 114 69
ED 114 134 69
ED 114 115 40
ED 115 135 87
ED 115 116 39
ED 116 136 23
ED 116 117 38
ED 117 137 83
ED 117 118 70
ED 118 138 34
ED 118 119 50
ED 119 139 36
ED 120 140 11
ED 120 121 20
ED 121 141 38
ED 121 122 47
ED 122 142 65
ED 122 123 42
ED 123 143 58
ED 123 124 28
ED 124 144 48
ED 124 125 48
ED 125 145 72
ED 125 126 78
ED 126 146 68
ED 126 127 34
ED 127 147 42
ED 127 128 8
ED 128 148 29
ED 128 129 12
ED 129 149 30
ED 129 130 38
ED 130 150 43
ED 130 131 74
ED 131 151 27
ED 131 132 17
ED 132 152 69
ED 132 133 41
ED 133 153 35
ED 133 134 63
ED 134 154 43
ED 134 135 75
ED 135 155 56
ED 135 136 53
ED 136 156 51
ED 136 137 26
ED 137 157 38
ED 137 138 50
ED 138 158 21
ED 138 139 48
ED 139 159 47
ED 140 160 81
ED 140 141 44
ED 141 161 52
ED 141 142 43
ED 142 162 72
ED 142 143 73
ED 143 163 42
ED 143 144 17
ED 144 164 54
ED 144 145 26
ED 145 165 37
ED 145 146 37
ED 146 166 16
ED 146 147 8
ED 147 167 69
ED 147 148 55
ED 148 168 61
ED 148 149 12
ED 149 169 44
ED 149 150 27
ED 150 170 12
ED 150 151 26
ED 151 171 22
ED 151 152 41
ED 152 172 25
ED 152 153 42
ED 153 173 41
ED 153 154 5
ED 154 174 46
ED 154 155 13
ED 155 175 61
ED 155 156 44
ED 156 176 46
ED 156 157 44
ED 157 177 44
ED 157 158 23
ED 158 178 36
ED 158 159 42
ED 159 179 34
ED 160 180 52
ED 160 161 64
ED 161 181 42
ED 161 162 61
ED 162 182 74
ED 162 163 37
ED 163 183 48
ED 163 164 36
ED 164 184 50
ED 164 165 22
ED 165 185 33
ED 165 166 16
ED 166 186 19
ED 166 167 46
ED 167 187 41
ED 167 168 35
ED 168 188 72
ED 168 169 43
ED 169 189 21
ED 169 170 11
ED 170 190 3
ED 170 171 40
ED 171 191 90
ED 171 172 57
ED 172 192 48
ED 172 173 36
ED 173 193 58
ED 173 174 46
ED 174 194 27
ED 174 175 37
ED 175 195 61
ED 175 176 66
ED 176 196 35
ED 176 177 42
ED 177 197 54
ED 177 178 35
ED 178 198 30
ED 178 179 25
ED 179 199 43
ED 180 200 49
ED 180 181 44
ED 181 201 72
ED 181 182 39
ED 182 202 48
ED 182 183 34
ED 183 203 54
ED 183 184 57
ED 184 204 27
ED 184 185 53
ED 185 205 46
ED 185 186 13
ED 186 206 24
ED 186 187 38
ED 187 207 22
ED 187 188 58
ED 188 208 45
ED 188 189 36
ED 189 209 11
ED 189 190 29
ED 190 210 37
ED 190 191 47
ED 191 211 7
ED 191 192 63
ED 192 212 42
ED 192 193 73
ED 193 213 45
ED 193 194 63
ED 194 214 17
ED 194 195 25
ED 195 215 68
ED 195 196 24
ED 196 216 58
ED 196 197 21
ED 197 217 19
ED 197 198 42
ED 198 218 53
ED 198 199 72
ED 199 219 25
ED 200 220 25
ED 200 201 57
ED 201 221 65
ED 201 202 79
ED 202 222 60
ED 202 203 17
ED 203 223 26
ED 203 204 19
ED 204 224 32
ED 204 205 21
ED 205 225 29
ED 205 206 60
ED 206 226 58
ED 206 207 63
ED 207 227 2
ED 207 208 43
ED 208 228 45
ED 208 209 56
ED 209 229 36
ED 209 210 67
ED 210 230 1
ED 210 211 10
ED 211 231 84
ED 211 212 19
ED 212 232 50
ED 212 213 31
ED 213 233 43
ED 213 214 13
ED 214 234 46
ED 214 215 34
ED 215 235 43
ED 215 216 19
ED 216 236 43
ED 216 217 64
ED 217 237 19
ED 217 218 21
ED 218 238 26
ED 218 219 53
ED 219 239 26
ED 220 240 47
ED 220 221 32
ED 221 241 21
ED 221 222 26
ED 222 242 46
ED 222 223 33
ED 223 243 41
ED 223 224 39
ED 224 244 45
ED 224 225 36
ED 225 245 26
ED 225 226 43
ED 226 246 68
ED 226 227 51
ED 227 247 25
ED 227 228 24
ED 228 248 7
ED 228 229 24
ED 229 249 55
ED 229 230 70
ED 230 250 34
ED 230 231 78
ED 231 251 86
ED 231 232 55
ED 232 252 74
ED 232 233 64
ED 233 253 65
ED 233 234 80
ED 234 254 66
ED 234 235 38
ED 235 255 29
ED 235 236 28
ED 236 256 59
ED 236 237 49
ED 237 257 31
ED 237 238 24
ED 238 258 57
ED 238 239 40
ED 239 259 76
ED 240 260 12
ED 240 241 48
ED 241 261 21
ED 241 242 58
ED 242 262 36
ED 242 243 22
ED 243 263 10
ED 243 244 54
ED 244 264 56
ED 244 245 24
ED 245 265 21
ED 245 246 10
ED 246 266 65
ED 246 247 17
ED 247 267 9
ED 247 248 17
ED 248 268 19
ED 248 249 32
ED 249 269 29
ED 249 250 33
ED 250 270 54
ED 250 251 45
ED 251 271 83
ED 251 252 74
ED 252 272 45
ED 252 253 16
ED 253 273 75
ED 253 254 14
ED 254 274 69
ED 254 255 49
ED 255 275 21
ED 255 256 64
ED 256 276 15
ED 256 257 67
ED 257 277 46
ED 257 258 48
ED 258 278 29
ED 258 259 47
ED 259 279 47
ED 260 280 39
ED 260 261 23
ED 261 281 53
ED 261 262 37
ED 262 282 43
ED 262 263 5
ED 263 283 26
ED 263 264 14
ED 264 284 40
ED 264 265 48
ED 265 285 35
ED 265 266 42
ED 266 286 53
ED 266 267 66
ED 267 287 54
ED 267 268 29
ED 268 288 42
ED 268 269 64
ED 269 289 31
ED 269 270 46
ED 270 290 65
ED 270 271 59
ED 271 291 31
ED 271 272 43
ED 272 292 30
ED 272 273 29
ED 273 293 4
ED 273 274 27
ED 274 294 86
ED 274 275 57
ED 275 295 12
ED 275 276 39
ED 276 296 40
ED 276 277 47
ED 277 297 43
ED 277 278 6
ED 278 298 43
ED 278 279 42
ED 279 299 35
ED 280 300 27
ED 280 281 5
ED 281 301 21
ED 281 282 18
ED 282 302 32
ED 282 283 57
ED 283 303 37
ED 283 284 9
ED 284 304 37
ED 284 285 40
ED 285 305 48
ED 285 286 23
ED 286 306 23
ED 286 287 29
ED 287 307 34
ED 287 288 35
ED 288 308 60
ED 288 289 48
ED 289 309 17
ED 289 290 45
ED 290 310 73
ED 290 291 45
ED 291 311 68
ED 291 292 48
ED 292 312 49
ED 292 293 17
ED 293 313 17
ED 293 294 66
ED 294 314 27
ED 294 295 32
ED 295 315 25
ED 295 296 27
ED 296 316 27
ED 296 297 22
ED 297 317 19
ED 297 298 39
ED 298 318 68
ED 298 299 38
ED 299 319 8
ED 300 320 30
ED 300 301 6
ED 301 321 37
ED 301 302 20
ED 302 322 4
ED 302 303 45
ED 303 323 34
ED 303 304 56
ED 304 324 19
ED 304 305 29
ED 305 325 24
ED 305 306 53
ED 306 326 41
ED 306 307 30
ED 307 327 55
ED 307 308 21
ED 308 328 83
ED 308 309 7
ED 309 329 66
ED 309 310 16
ED 310 330 56
ED 310 311 65
ED 311 331 92
ED 311 312 70
ED 312 332 22
ED 312 313 64
ED 313 333 83
ED 313 314 99
ED 314 334 84
ED 314 315 47
ED 315 335 48
ED 315 316 35
ED 316 336 26
ED 316 317 45
ED 317 337 19
ED 317 318 87
ED 318 338 63
ED 318 319 27
ED 319 339 40
ED 320 340 28
ED 320 321 65
ED 321 341 69
ED 321 322 48
ED 322 342 52
ED 322 323 15
ED 323 343 18
ED 323 324 25
ED 324 344 30
ED 324 325 14
ED 325 345 56
ED 325 326 18
ED 326 346 31
ED 326 327 73
ED 327 347 81
ED 327 328 64
ED 328 348 29
ED 328 329 11
ED 329 349 23
ED 329 330 37
ED 330 350 55
ED 330 331 60
ED 331 351 60
ED 331 332 36
ED 332 352 26
ED 332 333 33
ED 333 353 43
ED 333 334 77
ED 334 354 68
ED 334 335 76
ED 335 355 61
ED 335 336 18
ED 336 356 24
ED 336 337 47
ED 337 357 53
ED 337 338 17
ED 338 358 37
ED 338 339 25
ED 339 359 40
ED 340 360 3
ED 340 341 80
ED 341 361 82
ED 341 342 102
ED 342 362 58
ED 342 343 81
ED 343 363 61
ED 343 344 68
ED 344 364 71
ED 344 345 58
ED 345 365 20
ED 345 346 38
ED 346 366 21
ED 346 347 29
ED 347 367 55
ED 347 348 58
ED 348 368 38
ED 348 349 39
ED 349 369 27
ED 349 350 46
ED 350 370 14
ED 350 351 62
ED 351 371 65
ED 351 352 36
ED 352 372 35
ED 352 353 24
ED 353 373 45
ED 353 354 36
ED 354 374 10
ED 354 355 60
ED 355 375 7
ED 355 356 19
ED 356 376 26
ED 356 357 8
ED 357 377 53
ED 357 358 45
ED 358 378 64
ED 358 359 32
ED 359 379 52
ED 360 380 24
ED 360 361 25
ED 361 381 70
ED 361 362 35
ED 362 382 32
ED 362 363 22
ED 363 383 53
ED 363 364 33
ED 364 384 16
ED 364 365 27
ED 365 385 14
ED 365 366 18
ED 366 386 17
ED 366 367 53
ED 367 387 28
ED 367 368 44
ED 368 388 8
ED 368 369 44
ED 369 389 46
ED 369 370 67
ED 370 390 81
ED 370 371 61
ED 371 391 60
ED 371 372 61
ED 372 392 60
ED 372 373 57
ED 373 393 30
ED 373 374 66
ED 374 394 8
ED 374 375 73
ED 375 395 65
ED 375 376 14
ED 376 396 55
ED 376 377 37
ED 377 397 21
ED 377 378 73
ED 378 398 9
ED 378 379 26
ED 379 399 44
ED 380 381 42
ED 381 382 72
ED 382 383 39
ED 383 384 77
ED 384 385 46
ED 385 386 36
ED 386 387 28
ED 387 388 33
ED 388 389 35
ED 389 390 12
ED 390 391 79
ED 391 392 44
ED 392 393 10
ED 393 394 47
ED 394 395 65
ED 395 396 46
ED 396 397 36
ED 397 398 66
ED 398 399 67
DM 1 321 1000 
DM 2 269 1000 
DM 3 250 1000 
DM 4 72 1000 
SD 1 384
