VC 25
EC 40
DMC 1
SC 1
NL 0
QN 1
ED 0 5 50
ED 0 1 77
ED 1 6 53
ED 1 2 46
ED 2 7 30
ED 2 3 66
ED 3 8 66
ED 3 4 54
ED 4 9 30
ED 5 10 55
ED 5 6 62
ED 6 11 34
ED 6 7 47
ED 7 12 49
ED 7 8 28
ED 8 13 18
ED 8 9 19
ED 9 14 44
ED 10 15 30
ED 10 11 30
ED 11 16 38
ED 11 12 17
ED 12 17 59
ED 12 13 68
ED 13 18 68
ED 13 14 48
ED 14 19 23
ED 15 20 34
ED 15 16 28
ED 16 21 39
ED 16 17 55
ED 17 22 67
ED 17 18 49
ED 18 23 61
ED 18 19 37
ED 19 24 26
ED 20 21 48
ED 21 22 54
ED 22 23 31
ED 23 24 44
DM 1 12 1000 
SD 1 22
