VC 400
EC 1121
DMC 5
SC 1
NL 0
QN 1
ED 0 20 241
ED 0 1 254
ED 1 21 174
ED 1 2 216
ED 1 20 150
ED 2 22 180
ED 2 3 219
ED 3 23 188
ED 3 4 203
ED 3 22 154
ED 4 24 252
ED 4 5 249
ED 5 25 182
ED 5 6 182
ED 5 24 186
ED 6 26 192
ED 6 7 168
ED 7 27 223
ED 7 8 168
ED 7 26 186
ED 8 28 183
ED 8 9 249
ED 9 29 176
ED 9 10 175
ED 9 28 220
ED 10 30 224
ED 10 11 228
ED 11 31 180
ED 11 12 270
ED 11 30 104
ED 12 32 238
ED 12 13 185
ED 13 33 205
ED 13 14 159
ED 13 32 217
ED 14 34 203
ED 14 15 216
ED 15 35 191
ED 15 16 158
ED 15 34 209
ED 16 36 193
ED 16 17 177
ED 17 37 207
ED 17 18 192
ED 17 36 114
ED 18 38 188
ED 18 19 234
ED 19 39 157
ED 19 38 141
ED 20 40 219
ED 20 21 178
ED 21 41 181
ED 21 22 240
ED 21 40 164
ED 22 42 252
ED 22 23 223
ED 22 1 164
ED 23 43 203
ED 23 24 154
ED 23 42 193
ED 24 44 201
ED 24 25 158
ED 24 3 183
ED 25 45 195
ED 25 26 193
ED 25 44 158
ED 26 46 162
ED 26 27 220
ED 26 5 147
ED 27 47 195
ED 27 28 181
ED 27 46 224
ED 28 48 211
ED 28 29 237
ED 28 7 128
ED 29 49 193
ED 29 30 188
ED 29 48 159
ED 30 50 204
ED 30 31 186
ED 30 9 160
ED 31 51 205
ED 31 32 163
ED 31 50 195
ED 32 52 153
ED 32 33 240
ED 32 11 145
ED 33 53 205
ED 33 34 168
ED 33 52 180
ED 34 54 142
ED 34 35 159
ED 34 13 180
ED 35 55 239
ED 35 36 213
ED 35 54 150
ED 36 56 179
ED 36 37 190
ED 36 15 177
ED 37 57 189
ED 37 38 191
ED 37 56 190
ED 38 58 251
ED 38 39 180
ED 38 17 170
ED 39 59 230
ED 39 58 154
ED 40 60 188
ED 40 41 204
ED 41 61 225
ED 41 42 159
ED 41 60 202
ED 42 62 184
ED 42 43 124
ED 42 21 212
ED 43 63 193
ED 43 44 216
ED 43 62 146
ED 44 64 211
ED 44 45 172
ED 44 23 178
ED 45 65 199
ED 45 46 166
ED 45 64 239
ED 46 66 211
ED 46 47 262
ED 46 25 139
ED 47 67 171
ED 47 48 219
ED 47 66 209
ED 48 68 194
ED 48 49 159
ED 48 27 152
ED 49 69 246
ED 49 50 161
ED 49 68 158
ED 50 70 230
ED 50 51 219
ED 50 29 133
ED 51 71 225
ED 51 52 242
ED 51 70 124
ED 52 72 250
ED 52 53 225
ED 52 31 144
ED 53 73 172
ED 53 54 234
ED 53 72 148
ED 54 74 203
ED 54 55 215
ED 54 33 147
ED 55 75 160
ED 55 56 215
ED 55 74 118
ED 56 76 233
ED 56 57 213
ED 56 35 151
ED 57 77 208
ED 57 58 188
ED 57 76 165
ED 58 78 188
ED 58 59 174
ED 58 37 168
ED 59 79 196
ED 59 78 133
ED 60 80 153
ED 60 61 145
ED 61 81 212
ED 61 62 223
ED 61 80 121
ED 62 82 197
ED 62 63 162
ED 62 41 160
ED 63 83 202
ED 63 64 130
ED 63 82 160
ED 64 84 198
ED 64 65 199
ED 64 43 189
ED 65 85 235
ED 65 66 178
ED 65 84 182
ED 66 86 236
ED 66 67 183
ED 66 45 126
ED 67 87 235
ED 67 68 221
ED 67 86 161
ED 68 88 199
ED 68 69 234
ED 68 47 134
ED 69 89 217
ED 69 70 209
ED 69 88 172
ED 70 90 201
ED 70 71 172
ED 70 49 229
ED 71 91 162
ED 71 72 255
ED 71 90 131
ED 72 92 220
ED 72 73 177
ED 72 51 203
ED 73 93 269
ED 73 74 204
ED 73 92 201
ED 74 94 231
ED 74 75 183
ED 74 53 189
ED 75 95 278
ED 75 76 155
ED 75 94 188
ED 76 96 176
ED 76 77 181
ED 76 55 156
ED 77 97 192
ED 77 78 224
ED 77 96 139
ED 78 98 212
ED 78 79 195
ED 78 57 214
ED 79 99 175
ED 79 98 205
ED 80 100 222
ED 80 81 200
ED 81 101 175
ED 81 82 241
ED 81 100 127
ED 82 102 166
ED 82 83 162
ED 82 61 224
ED 83 103 217
ED 83 84 156
ED 83 102 210
ED 84 104 173
ED 84 85 210
ED 84 63 197
ED 85 105 224
ED 85 86 190
ED 85 104 182
ED 86 106 143
ED 86 87 184
ED 86 65 203
ED 87 107 182
ED 87 88 203
ED 87 106 180
ED 88 108 221
ED 88 89 223
ED 88 67 192
ED 89 109 146
ED 89 90 224
ED 89 108 157
ED 90 110 136
ED 90 91 186
ED 90 69 154
ED 91 111 208
ED 91 92 200
ED 91 110 168
ED 92 112 124
ED 92 93 184
ED 92 71 213
ED 93 113 152
ED 93 94 234
ED 93 112 132
ED 94 114 225
ED 94 95 220
ED 94 73 165
ED 95 115 135
ED 95 96 245
ED 95 114 145
ED 96 116 216
ED 96 97 223
ED 96 75 148
ED 97 117 251
ED 97 98 147
ED 97 116 195
ED 98 118 202
ED 98 99 146
ED 98 77 202
ED 99 119 241
ED 99 118 160
ED 100 120 237
ED 100 101 152
ED 101 121 209
ED 101 102 212
ED 101 120 143
ED 102 122 231
ED 102 103 219
ED 102 81 134
ED 103 123 242
ED 103 104 215
ED 103 122 114
ED 104 124 190
ED 104 105 219
ED 104 83 168
ED 105 125 145
ED 105 106 255
ED 105 124 124
ED 106 126 209
ED 106 107 211
ED 106 85 115
ED 107 127 249
ED 107 108 177
ED 107 126 189
ED 108 128 206
ED 108 109 206
ED 108 87 126
ED 109 129 218
ED 109 110 201
ED 109 128 195
ED 110 130 267
ED 110 111 247
ED 110 89 159
ED 111 131 179
ED 111 112 247
ED 111 130 200
ED 112 132 209
ED 112 113 224
ED 112 91 170
ED 113 133 203
ED 113 114 168
ED 113 132 154
ED 114 134 152
ED 114 115 144
ED 114 93 170
ED 115 135 265
ED 115 116 199
ED 115 134 176
ED 116 136 162
ED 116 117 225
ED 116 95 147
ED 117 137 178
ED 117 118 222
ED 117 136 168
ED 118 138 133
ED 118 119 173
ED 118 97 195
ED 119 139 203
ED 119 138 121
ED 120 140 151
ED 120 121 158
ED 121 141 213
ED 121 122 199
ED 121 140 217
ED 122 142 205
ED 122 123 220
ED 122 101 221
ED 123 143 163
ED 123 124 221
ED 123 142 155
ED 124 144 234
ED 124 125 190
ED 124 103 215
ED 125 145 225
ED 125 126 174
ED 125 144 207
ED 126 146 252
ED 126 127 272
ED 126 105 121
ED 127 147 196
ED 127 128 202
ED 127 146 202
ED 128 148 221
ED 128 129 204
ED 128 107 167
ED 129 149 233
ED 129 130 157
ED 129 148 167
ED 130 150 156
ED 130 131 194
ED 130 109 166
ED 131 151 239
ED 131 132 243
ED 131 150 166
ED 132 152 228
ED 132 133 180
ED 132 111 180
ED 133 153 222
ED 133 134 205
ED 133 152 132
ED 134 154 271
ED 134 135 262
ED 134 113 104
ED 135 155 184
ED 135 136 260
ED 135 154 121
ED 136 156 248
ED 136 137 278
ED 136 115 152
ED 137 157 241
ED 137 138 225
ED 137 156 223
ED 138 158 241
ED 138 139 194
ED 138 117 193
ED 139 159 231
ED 139 158 161
ED 140 160 254
ED 140 141 268
ED 141 161 217
ED 141 142 195
ED 141 160 225
ED 142 162 197
ED 142 143 204
ED 142 121 159
ED 143 163 235
ED 143 144 145
ED 143 162 157
ED 144 164 200
ED 144 145 216
ED 144 123 141
ED 145 165 215
ED 145 146 150
ED 145 164 220
ED 146 166 192
ED 146 147 214
ED 146 125 147
ED 147 167 148
ED 147 148 225
ED 147 166 166
ED 148 168 161
ED 148 149 172
ED 148 127 166
ED 149 169 198
ED 149 150 238
ED 149 168 106
ED 150 170 249
ED 150 151 248
ED 150 129 147
ED 151 171 164
ED 151 152 230
ED 151 170 181
ED 152 172 207
ED 152 153 191
ED 152 131 198
ED 153 173 176
ED 153 154 216
ED 153 172 187
ED 154 174 199
ED 154 155 166
ED 154 133 234
ED 155 175 220
ED 155 156 203
ED 155 174 179
ED 156 176 204
ED 156 157 225
ED 156 135 145
ED 157 177 139
ED 157 158 219
ED 157 176 146
ED 158 178 206
ED 158 159 242
ED 158 137 95
ED 159 179 141
ED 159 178 115
ED 160 180 167
ED 160 161 232
ED 161 181 222
ED 161 162 226
ED 161 180 174
ED 162 182 206
ED 162 163 185
ED 162 141 164
ED 163 183 191
ED 163 164 187
ED 163 182 150
ED 164 184 165
ED 164 165 209
ED 164 143 143
ED 165 185 218
ED 165 166 197
ED 165 184 131
ED 166 186 180
ED 166 167 180
ED 166 145 129
ED 167 187 236
ED 167 168 222
ED 167 186 172
ED 168 188 227
ED 168 169 206
ED 168 147 188
ED 169 189 206
ED 169 170 196
ED 169 188 151
ED 170 190 193
ED 170 171 217
ED 170 149 181
ED 171 191 202
ED 171 172 146
ED 171 190 192
ED 172 192 201
ED 172 173 209
ED 172 151 115
ED 173 193 180
ED 173 174 171
ED 173 192 143
ED 174 194 177
ED 174 175 250
ED 174 153 160
ED 175 195 158
ED 175 176 197
ED 175 194 150
ED 176 196 215
ED 176 177 175
ED 176 155 151
ED 177 197 209
ED 177 178 214
ED 177 196 147
ED 178 198 218
ED 178 179 201
ED 178 157 186
ED 179 199 265
ED 179 198 227
ED 180 200 170
ED 180 181 256
ED 181 201 208
ED 181 182 205
ED 181 200 164
ED 182 202 226
ED 182 183 215
ED 182 161 117
ED 183 203 179
ED 183 184 231
ED 183 202 166
ED 184 204 214
ED 184 185 251
ED 184 163 187
ED 185 205 211
ED 185 186 198
ED 185 204 218
ED 186 206 229
ED 186 187 240
ED 186 165 158
ED 187 207 175
ED 187 188 169
ED 187 206 183
ED 188 208 209
ED 188 189 199
ED 188 167 192
ED 189 209 157
ED 189 190 239
ED 189 208 150
ED 190 210 208
ED 190 191 154
ED 190 169 195
ED 191 211 214
ED 191 192 212
ED 191 210 151
ED 192 212 185
ED 192 193 168
ED 192 171 145
ED 193 213 211
ED 193 194 216
ED 193 212 181
ED 194 214 211
ED 194 195 171
ED 194 173 215
ED 195 215 174
ED 195 196 219
ED 195 214 181
ED 196 216 161
ED 196 197 180
ED 196 175 157
ED 197 217 198
ED 197 198 136
ED 197 216 172
ED 198 218 176
ED 198 199 258
ED 198 177 184
ED 199 219 188
ED 199 218 222
ED 200 220 259
ED 200 201 243
ED 201 221 195
ED 201 202 217
ED 201 220 106
ED 202 222 220
ED 202 203 171
ED 202 181 111
ED 203 223 229
ED 203 204 190
ED 203 222 145
ED 204 224 205
ED 204 205 246
ED 204 183 148
ED 205 225 172
ED 205 206 232
ED 205 224 157
ED 206 226 166
ED 206 207 177
ED 206 185 147
ED 207 227 236
ED 207 208 147
ED 207 226 204
ED 208 228 144
ED 208 209 190
ED 208 187 134
ED 209 229 185
ED 209 210 202
ED 209 228 189
ED 210 230 171
ED 210 211 174
ED 210 189 219
ED 211 231 220
ED 211 212 182
ED 211 230 192
ED 212 232 254
ED 212 213 191
ED 212 191 149
ED 213 233 239
ED 213 214 195
ED 213 232 186
ED 214 234 212
ED 214 215 209
ED 214 193 170
ED 215 235 241
ED 215 216 209
ED 215 234 216
ED 216 236 208
ED 216 217 158
ED 216 195 193
ED 217 237 213
ED 217 218 173
ED 217 236 172
ED 218 238 186
ED 218 219 274
ED 218 197 109
ED 219 239 159
ED 219 238 218
ED 220 240 185
ED 220 221 201
ED 221 241 159
ED 221 222 198
ED 221 240 146
ED 222 242 155
ED 222 223 181
ED 222 201 199
ED 223 243 191
ED 223 224 182
ED 223 242 172
ED 224 244 181
ED 224 225 234
ED 224 203 188
ED 225 245 240
ED 225 226 189
ED 225 244 154
ED 226 246 170
ED 226 227 252
ED 226 205 142
ED 227 247 203
ED 227 228 206
ED 227 246 193
ED 228 248 211
ED 228 229 217
ED 228 207 106
ED 229 249 273
ED 229 230 191
ED 229 248 133
ED 230 250 175
ED 230 231 210
ED 230 209 164
ED 231 251 171
ED 231 232 174
ED 231 250 118
ED 232 252 177
ED 232 233 239
ED 232 211 137
ED 233 253 190
ED 233 234 153
ED 233 252 215
ED 234 254 156
ED 234 235 192
ED 234 213 192
ED 235 255 176
ED 235 236 226
ED 235 254 141
ED 236 256 232
ED 236 237 238
ED 236 215 143
ED 237 257 248
ED 237 238 154
ED 237 256 233
ED 238 258 187
ED 238 239 263
ED 238 217 149
ED 239 259 262
ED 239 258 210
ED 240 260 181
ED 240 241 133
ED 241 261 237
ED 241 242 224
ED 241 260 154
ED 242 262 188
ED 242 243 229
ED 242 221 123
ED 243 263 193
ED 243 244 216
ED 243 262 164
ED 244 264 200
ED 244 245 215
ED 244 223 163
ED 245 265 145
ED 245 246 276
ED 245 264 152
ED 246 266 219
ED 246 247 277
ED 246 225 110
ED 247 267 216
ED 247 248 229
ED 247 266 167
ED 248 268 221
ED 248 249 236
ED 248 227 143
ED 249 269 204
ED 249 250 277
ED 249 268 120
ED 250 270 196
ED 250 251 218
ED 250 229 199
ED 251 271 262
ED 251 252 138
ED 251 270 205
ED 252 272 205
ED 252 253 176
ED 252 231 150
ED 253 273 227
ED 253 254 218
ED 253 272 162
ED 254 274 254
ED 254 255 215
ED 254 233 101
ED 255 275 203
ED 255 256 173
ED 255 274 184
ED 256 276 185
ED 256 257 234
ED 256 235 173
ED 257 277 154
ED 257 258 225
ED 257 276 148
ED 258 278 230
ED 258 259 257
ED 258 237 108
ED 259 279 135
ED 259 278 146
ED 260 280 222
ED 260 261 232
ED 261 281 223
ED 261 262 256
ED 261 280 160
ED 262 282 267
ED 262 263 189
ED 262 241 207
ED 263 283 200
ED 263 264 203
ED 263 282 164
ED 264 284 189
ED 264 265 258
ED 264 243 101
ED 265 285 237
ED 265 266 181
ED 265 284 194
ED 266 286 205
ED 266 267 234
ED 266 245 200
ED 267 287 172
ED 267 268 240
ED 267 286 176
ED 268 288 185
ED 268 269 223
ED 268 247 138
ED 269 289 197
ED 269 270 264
ED 269 288 127
ED 270 290 242
ED 270 271 264
ED 270 249 151
ED 271 291 175
ED 271 272 209
ED 271 290 166
ED 272 292 145
ED 272 273 216
ED 272 251 139
ED 273 293 229
ED 273 274 172
ED 273 292 190
ED 274 294 182
ED 274 275 157
ED 274 253 201
ED 275 295 252
ED 275 276 241
ED 275 294 110
ED 276 296 164
ED 276 277 196
ED 276 255 197
ED 277 297 222
ED 277 278 156
ED 277 296 160
ED 278 298 183
ED 278 279 192
ED 278 257 122
ED 279 299 223
ED 279 298 129
ED 280 300 218
ED 280 281 225
ED 281 301 203
ED 281 282 237
ED 281 300 134
ED 282 302 189
ED 282 283 184
ED 282 261 207
ED 283 303 232
ED 283 284 201
ED 283 302 208
ED 284 304 215
ED 284 285 255
ED 284 263 180
ED 285 305 168
ED 285 286 188
ED 285 304 187
ED 286 306 190
ED 286 287 262
ED 286 265 114
ED 287 307 176
ED 287 288 202
ED 287 306 195
ED 288 308 246
ED 288 289 225
ED 288 267 155
ED 289 309 179
ED 289 290 241
ED 289 308 141
ED 290 310 200
ED 290 291 222
ED 290 269 151
ED 291 311 175
ED 291 292 220
ED 291 310 187
ED 292 312 235
ED 292 293 271
ED 292 271 121
ED 293 313 196
ED 293 294 261
ED 293 312 117
ED 294 314 168
ED 294 295 193
ED 294 273 187
ED 295 315 202
ED 295 296 290
ED 295 314 131
ED 296 316 205
ED 296 297 195
ED 296 275 215
ED 297 317 186
ED 297 298 249
ED 297 316 90
ED 298 318 239
ED 298 299 194
ED 298 277 154
ED 299 319 176
ED 299 318 137
ED 300 320 177
ED 300 301 232
ED 301 321 148
ED 301 302 203
ED 301 320 144
ED 302 322 198
ED 302 303 196
ED 302 281 197
ED 303 323 196
ED 303 304 225
ED 303 322 177
ED 304 324 217
ED 304 305 188
ED 304 283 135
ED 305 325 277
ED 305 306 206
ED 305 324 163
ED 306 326 221
ED 306 307 191
ED 306 285 113
ED 307 327 201
ED 307 308 170
ED 307 326 188
ED 308 328 146
ED 308 309 192
ED 308 287 124
ED 309 329 148
ED 309 310 217
ED 309 328 125
ED 310 330 209
ED 310 311 242
ED 310 289 165
ED 311 331 244
ED 311 312 187
ED 311 330 172
ED 312 332 228
ED 312 313 237
ED 312 291 171
ED 313 333 192
ED 313 314 227
ED 313 332 158
ED 314 334 272
ED 314 315 250
ED 314 293 158
ED 315 335 171
ED 315 316 295
ED 315 334 145
ED 316 336 268
ED 316 317 192
ED 316 295 213
ED 317 337 237
ED 317 318 177
ED 317 336 194
ED 318 338 200
ED 318 319 191
ED 318 297 210
ED 319 339 235
ED 319 338 219
ED 320 340 232
ED 320 321 171
ED 321 341 201
ED 321 322 192
ED 321 340 169
ED 322 342 192
ED 322 323 172
ED 322 301 151
ED 323 343 162
ED 323 324 232
ED 323 342 150
ED 324 344 173
ED 324 325 228
ED 324 303 150
ED 325 345 136
ED 325 326 232
ED 325 344 156
ED 326 346 237
ED 326 327 219
ED 326 305 148
ED 327 347 201
ED 327 328 200
ED 327 346 208
ED 328 348 196
ED 328 329 190
ED 328 307 173
ED 329 349 270
ED 329 330 234
ED 329 348 151
ED 330 350 173
ED 330 331 200
ED 330 309 227
ED 331 351 188
ED 331 332 225
ED 331 350 172
ED 332 352 158
ED 332 333 186
ED 332 311 173
ED 333 353 166
ED 333 334 183
ED 333 352 162
ED 334 354 187
ED 334 335 161
ED 334 313 139
ED 335 355 222
ED 335 336 227
ED 335 354 130
ED 336 356 198
ED 336 337 178
ED 336 315 193
ED 337 357 201
ED 337 338 195
ED 337 356 208
ED 338 358 160
ED 338 339 180
ED 338 317 165
ED 339 359 244
ED 339 358 122
ED 340 360 154
ED 340 341 163
ED 341 361 192
ED 341 342 195
ED 341 360 169
ED 342 362 153
ED 342 343 191
ED 342 321 194
ED 343 363 266
ED 343 344 174
ED 343 362 161
ED 344 364 247
ED 344 345 251
ED 344 323 152
ED 345 365 206
ED 345 346 125
ED 345 364 239
ED 346 366 141
ED 346 347 170
ED 346 325 151
ED 347 367 229
ED 347 348 214
ED 347 366 147
ED 348 368 207
ED 348 349 272
ED 348 327 151
ED 349 369 172
ED 349 350 236
ED 349 368 160
ED 350 370 255
ED 350 351 253
ED 350 329 177
ED 351 371 212
ED 351 352 221
ED 351 370 177
ED 352 372 214
ED 352 353 232
ED 352 331 134
ED 353 373 202
ED 353 354 170
ED 353 372 185
ED 354 374 163
ED 354 355 175
ED 354 333 172
ED 355 375 133
ED 355 356 205
ED 355 374 141
ED 356 376 201
ED 356 357 201
ED 356 335 162
ED 357 377 198
ED 357 358 261
ED 357 376 112
ED 358 378 254
ED 358 359 231
ED 358 337 164
ED 359 379 183
ED 359 378 112
ED 360 380 246
ED 360 361 233
ED 361 381 227
ED 361 362 215
ED 361 380 174
ED 362 382 193
ED 362 363 227
ED 362 341 202
ED 363 383 150
ED 363 364 201
ED 363 382 112
ED 364 384 162
ED 364 365 226
ED 364 343 149
ED 365 385 212
ED 365 366 193
ED 365 384 143
ED 366 386 271
ED 366 367 242
ED 366 345 124
ED 367 387 191
ED 367 368 208
ED 367 386 212
ED 368 388 222
ED 368 369 202
ED 368 347 188
ED 369 389 219
ED 369 370 219
ED 369 388 114
ED 370 390 152
ED 370 371 194
ED 370 349 154
ED 371 391 184
ED 371 372 234
ED 371 390 130
ED 372 392 186
ED 372 373 213
ED 372 351 135
ED 373 393 208
ED 373 374 178
ED 373 392 134
ED 374 394 235
ED 374 375 182
ED 374 353 120
ED 375 395 202
ED 375 376 236
ED 375 394 179
ED 376 396 190
ED 376 377 164
ED 376 355 221
ED 377 397 210
ED 377 378 227
ED 377 396 173
ED 378 398 145
ED 378 379 182
ED 378 357 220
ED 379 399 185
ED 379 398 141
ED 380 381 209
ED 381 382 218
ED 382 383 190
ED 382 361 178
ED 383 384 249
ED 384 385 205
ED 384 363 196
ED 385 386 160
ED 386 387 195
ED 386 365 170
ED 387 388 201
ED 388 389 217
ED 388 367 159
ED 389 390 228
ED 390 391 197
ED 390 369 203
ED 391 392 278
ED 392 393 216
ED 392 371 189
ED 393 394 149
ED 394 395 159
ED 394 373 151
ED 395 396 190
ED 396 397 251
ED 396 375 178
ED 397 398 237
ED 398 399 217
ED 398 377 183
DM 1 321 1000 
DM 2 302 1000 
DM 3 13 1000 
DM 4 387 1000 
DM 5 35 1000 
SD 1 60
