VC 100
EC 261
DMC 3
SC 1
NL 0
QN 1
ED 0 10 205
ED 0 1 160
ED 1 11 276
ED 1 2 171
ED 1 10 141
ED 2 12 213
ED 2 3 227
ED 3 13 199
ED 3 4 260
ED 3 12 178
ED 4 14 193
ED 4 5 233
ED 5 15 196
ED 5 6 213
ED 5 14 213
ED 6 16 267
ED 6 7 266
ED 7 17 179
ED 7 8 216
ED 7 16 152
ED 8 18 186
ED 8 9 189
ED 9 19 181
ED 9 18 194
ED 10 20 218
ED 10 11 191
ED 11 21 174
ED 11 12 213
ED 11 20 95
ED 12 22 192
ED 12 13 203
ED 12 1 202
ED 13 23 154
ED 13 14 249
ED 13 22 91
ED 14 24 216
ED 14 15 240
ED 14 3 131
ED 15 25 235
ED 15 16 223
ED 15 24 113
ED 16 26 138
ED 16 17 172
ED 16 5 169
ED 17 27 202
ED 17 18 178
ED 17 26 162
ED 18 28 214
ED 18 19 253
ED 18 7 98
ED 19 29 188
ED 19 28 211
ED 20 30 181
ED 20 21 149
ED 21 31 185
ED 21 22 264
ED 21 30 122
ED 22 32 152
ED 22 23 134
ED 22 11 228
ED 23 33 234
ED 23 24 262
ED 23 32 103
ED 24 34 200
ED 24 25 213
ED 24 13 210
ED 25 35 192
ED 25 26 281
ED 25 34 120
ED 26 36 230
ED 26 27 231
ED 26 15 163
ED 27 37 192
ED 27 28 177
ED 27 36 126
ED 28 38 205
ED 28 29 220
ED 28 17 120
ED 29 39 198
ED 29 38 177
ED 30 40 233
ED 30 31 189
ED 31 41 197
ED 31 32 244
ED 31 40 170
ED 32 42 233
ED 32 33 234
ED 32 21 203
ED 33 43 155
ED 33 34 228
ED 33 42 156
ED 34 44 220
ED 34 35 239
ED 34 23 187
ED 35 45 199
ED 35 36 258
ED 35 44 128
ED 36 46 212
ED 36 37 194
ED 36 25 217
ED 37 47 190
ED 37 38 171
ED 37 46 188
ED 38 48 185
ED 38 39 183
ED 38 27 152
ED 39 49 216
ED 39 48 116
ED 40 50 142
ED 40 41 195
ED 41 51 217
ED 41 42 179
ED 41 50 179
ED 42 52 179
ED 42 43 166
ED 42 31 171
ED 43 53 263
ED 43 44 219
ED 43 52 171
ED 44 54 224
ED 44 45 242
ED 44 33 165
ED 45 55 174
ED 45 46 182
ED 45 54 199
ED 46 56 225
ED 46 47 197
ED 46 35 151
ED 47 57 217
ED 47 48 227
ED 47 56 140
ED 48 58 165
ED 48 49 201
ED 48 37 171
ED 49 59 156
ED 49 58 114
ED 50 60 258
ED 50 51 204
ED 51 61 194
ED 51 52 213
ED 51 60 185
ED 52 62 229
ED 52 53 264
ED 52 41 94
ED 53 63 176
ED 53 54 223
ED 53 62 158
ED 54 64 153
ED 54 55 214
ED 54 43 209
ED 55 65 177
ED 55 56 186
ED 55 64 175
ED 56 66 212
ED 56 57 159
ED 56 45 155
ED 57 67 167
ED 57 58 275
ED 57 66 160
ED 58 68 222
ED 58 59 172
ED 58 47 206
ED 59 69 196
ED 59 68 154
ED 60 70 195
ED 60 61 213
ED 61 71 204
ED 61 62 175
ED 61 70 195
ED 62 72 220
ED 62 63 245
ED 62 51 159
ED 63 73 187
ED 63 64 214
ED 63 72 228
ED 64 74 211
ED 64 65 202
ED 64 53 176
ED 65 75 214
ED 65 66 157
ED 65 74 183
ED 66 76 124
ED 66 67 198
ED 66 55 153
ED 67 77 223
ED 67 68 171
ED 67 76 210
ED 68 78 253
ED 68 69 202
ED 68 57 173
ED 69 79 251
ED 69 78 242
ED 70 80 202
ED 70 71 174
ED 71 81 242
ED 71 72 175
ED 71 80 149
ED 72 82 190
ED 72 73 204
ED 72 61 135
ED 73 83 238
ED 73 74 208
ED 73 82 174
ED 74 84 227
ED 74 75 224
ED 74 63 120
ED 75 85 247
ED 75 76 201
ED 75 84 155
ED 76 86 234
ED 76 77 240
ED 76 65 127
ED 77 87 202
ED 77 78 148
ED 77 86 150
ED 78 88 177
ED 78 79 240
ED 78 67 150
ED 79 89 174
ED 79 88 163
ED 80 90 198
ED 80 81 219
ED 81 91 139
ED 81 82 191
ED 81 90 188
ED 82 92 189
ED 82 83 215
ED 82 71 172
ED 83 93 202
ED 83 84 254
ED 83 92 159
ED 84 94 165
ED 84 85 225
ED 84 73 212
ED 85 95 202
ED 85 86 216
ED 85 94 156
ED 86 96 235
ED 86 87 203
ED 86 75 157
ED 87 97 180
ED 87 88 203
ED 87 96 165
ED 88 98 183
ED 88 89 187
ED 88 77 183
ED 89 99 240
ED 89 98 132
ED 90 91 174
ED 91 92 163
ED 92 93 234
ED 92 81 100
ED 93 94 272
ED 94 95 208
ED 94 83 201
ED 95 96 240
ED 96 97 155
ED 96 85 140
ED 97 98 224
ED 98 99 216
ED 98 87 189
DM 1 29 1000 
DM 2 60 1000 
DM 3 35 1000 
SD 1 74
