VC 400
EC 399
DMC 3
IC 1
SC 1
OC 1
NL 0
QN 1
ED 0 1 108
ED 1 2 68
ED 2 3 127
ED 3 4 81
ED 4 5 135
ED 5 6 107
ED 6 7 92
ED 7 8 105
ED 8 9 137
ED 9 10 128
ED 10 11 83
ED 11 12 127
ED 12 13 101
ED 13 14 71
ED 14 15 68
ED 15 16 149
ED 16 17 54
ED 17 18 170
ED 18 19 79
ED 19 20 85
ED 20 21 148
ED 21 22 67
ED 22 23 107
ED 23 24 161
ED 24 25 95
ED 25 26 92
ED 26 27 45
ED 27 28 119
ED 28 29 105
ED 29 30 164
ED 30 31 29
ED 31 32 106
ED 32 33 93
ED 33 34 165
ED 34 35 36
ED 35 36 153
ED 36 37 91
ED 37 38 92
ED 38 39 119
ED 39 40 92
ED 40 41 86
ED 41 42 137
ED 42 43 87
ED 43 44 74
ED 44 45 176
ED 45 46 65
ED 46 47 60
ED 47 48 166
ED 48 49 75
ED 49 50 137
ED 50 51 71
ED 51 52 118
ED 52 53 124
ED 53 54 116
ED 54 55 110
ED 55 56 55
ED 56 57 95
ED 57 58 146
ED 58 59 98
ED 59 60 50
ED 60 61 150
ED 61 62 99
ED 62 63 105
ED 63 64 66
ED 64 65 102
ED 65 66 149
ED 66 67 113
ED 67 68 98
ED 68 69 114
ED 69 70 83
ED 70 71 63
ED 71 72 164
ED 72 73 65
ED 73 74 85
ED 74 75 151
ED 75 76 115
ED 76 77 104
ED 77 78 102
ED 78 79 61
ED 79 80 114
ED 80 81 104
ED 81 82 106
ED 82 83 110
ED 83 84 110
ED 84 85 90
ED 85 86 100
ED 86 87 131
ED 87 88 91
ED 88 89 126
ED 89 90 100
ED 90 91 128
ED 91 92 41
ED 92 93 133
ED 93 94 78
ED 94 95 119
ED 95 96 160
ED 96 97 115
ED 97 98 41
ED 98 99 108
ED 99 100 127
ED 100 101 126
ED 101 102 85
ED 102 103 114
ED 103 104 93
ED 104 105 134
ED 105 106 62
ED 106 107 161
ED 107 108 110
ED 108 109 106
ED 109 110 96
ED 110 111 95
ED 111 112 111
ED 112 113 68
ED 113 114 111
ED 114 115 103
ED 115 116 121
ED 116 117 97
ED 117 118 90
ED 118 119 81
ED 119 120 148
ED 120 121 113
ED 121 122 130
ED 122 123 40
ED 123 124 163
ED 124 125 67
ED 125 126 148
ED 126 127 61
ED 127 128 114
ED 128 129 105
ED 129 130 157
ED 130 131 95
ED 131 132 109
ED 132 133 72
ED 133 134 107
ED 134 135 99
ED 135 136 127
ED 136 137 136
ED 137 138 70
ED 138 139 133
ED 139 140 121
ED 140 141 96
ED 141 142 52
ED 142 143 178
ED 143 144 39
ED 144 145 163
ED 145 146 90
ED 146 147 63
ED 147 148 124
ED 148 149 132
ED 149 150 89
ED 150 151 134
ED 151 152 31
ED 152 153 147
ED 153 154 72
ED 154 155 140
ED 155 156 51
ED 156 157 146
ED 157 158 120
ED 158 159 85
ED 159 160 44
ED 160 161 117
ED 161 162 167
ED 162 163 74
ED 163 164 85
ED 164 165 99
ED 165 166 91
ED 166 167 171
ED 167 168 122
ED 168 169 60
ED 169 170 121
ED 170 171 152
ED 171 172 58
ED 172 173 137
ED 173 174 106
ED 174 175 95
ED 175 176 77
ED 176 177 136
ED 177 178 120
ED 178 179 30
ED 179 180 143
ED 180 181 65
ED 181 182 147
ED 182 183 114
ED 183 184 77
ED 184 185 121
ED 185 186 116
ED 186 187 80
ED 187 188 133
ED 188 189 70
ED 189 190 142
ED 190 191 59
ED 191 192 173
ED 192 193 93
ED 193 194 88
ED 194 195 95
ED 195 196 53
ED 196 197 154
ED 197 198 52
ED 198 199 175
ED 199 200 77
ED 200 201 127
ED 201 202 68
ED 202 203 99
ED 203 204 146
ED 204 205 66
ED 205 206 103
ED 206 207 152
ED 207 208 70
ED 208 209 120
ED 209 210 123
ED 210 211 54
ED 211 212 109
ED 212 213 161
ED 213 214 49
ED 214 215 96
ED 215 216 152
ED 216 217 99
ED 217 218 64
ED 218 219 80
ED 219 220 113
ED 220 221 169
ED 221 222 39
ED 222 223 132
ED 223 224 89
ED 224 225 129
ED 225 226 113
ED 226 227 98
ED 227 228 108
ED 228 229 102
ED 229 230 91
ED 230 231 123
ED 231 232 105
ED 232 233 93
ED 233 234 93
ED 234 235 105
ED 235 236 141
ED 236 237 121
ED 237 238 72
ED 238 239 145
ED 239 240 107
ED 240 241 97
ED 241 242 91
ED 242 243 115
ED 243 244 74
ED 244 245 155
ED 245 246 103
ED 246 247 99
ED 247 248 76
ED 248 249 159
ED 249 250 98
ED 250 251 105
ED 251 252 86
ED 252 253 93
ED 253 254 115
ED 254 255 138
ED 255 256 53
ED 256 257 131
ED 257 258 78
ED 258 259 119
ED 259 260 111
ED 260 261 109
ED 261 262 112
ED 262 263 52
ED 263 264 104
ED 264 265 117
ED 265 266 146
ED 266 267 62
ED 267 268 159
ED 268 269 93
ED 269 270 87
ED 270 271 138
ED 271 272 95
ED 272 273 66
ED 273 274 137
ED 274 275 77
ED 275 276 130
ED 276 277 77
ED 277 278 123
ED 278 279 115
ED 279 280 103
ED 280 281 82
ED 281 282 87
ED 282 283 166
ED 283 284 70
ED 284 285 113
ED 285 286 112
ED 286 287 106
ED 287 288 121
ED 288 289 90
ED 289 290 128
ED 290 291 99
ED 291 292 70
ED 292 293 147
ED 293 294 75
ED 294 295 135
ED 295 296 73
ED 296 297 103
ED 297 298 125
ED 298 299 110
ED 299 300 109
ED 300 301 86
ED 301 302 153
ED 302 303 97
ED 303 304 125
ED 304 305 75
ED 305 306 102
ED 306 307 133
ED 307 308 111
ED 308 309 51
ED 309 310 126
ED 310 311 89
ED 311 312 70
ED 312 313 105
ED 313 314 180
ED 314 315 83
ED 315 316 116
ED 316 317 38
ED 317 318 166
ED 318 319 81
ED 319 320 47
ED 320 321 123
ED 321 322 128
ED 322 323 55
ED 323 324 157
ED 324 325 95
ED 325 326 86
ED 326 327 92
ED 327 328 123
ED 328 329 120
ED 329 330 84
ED 330 331 114
ED 331 332 99
ED 332 333 103
ED 333 334 90
ED 334 335 115
ED 335 336 81
ED 336 337 115
ED 337 338 139
ED 338 339 52
ED 339 340 150
ED 340 341 103
ED 341 342 121
ED 342 343 85
ED 343 344 92
ED 344 345 55
ED 345 346 120
ED 346 347 152
ED 347 348 46
ED 348 349 124
ED 349 350 117
ED 350 351 126
ED 351 352 38
ED 352 353 122
ED 353 354 145
ED 354 355 67
ED 355 356 173
ED 356 357 52
ED 357 358 111
ED 358 359 150
ED 359 360 64
ED 360 361 133
ED 361 362 116
ED 362 363 115
ED 363 364 62
ED 364 365 169
ED 365 366 67
ED 366 367 159
ED 367 368 68
ED 368 369 124
ED 369 370 107
ED 370 371 86
ED 371 372 70
ED 372 373 170
ED 373 374 52
ED 374 375 130
ED 375 376 75
ED 376 377 113
ED 377 378 139
ED 378 379 49
ED 379 380 107
ED 380 381 116
ED 381 382 122
ED 382 383 119
ED 383 384 101
ED 384 385 105
ED 385 386 86
ED 386 387 89
ED 387 388 94
ED 388 389 161
ED 389 390 99
ED 390 391 56
ED 391 392 115
ED 392 393 117
ED 393 394 131
ED 394 395 104
ED 395 396 106
ED 396 397 80
ED 397 398 97
ED 398 399 113
DM 1 334 1000 
DM 2 25 1000 
DM 3 153 1000 
ID 1 99 73 
SD 1 220
OD 1 31
