VC 25
EC 56
DMC 6
IC 1
SC 1
OC 1
NL 0
QN 1
ED 0 5 199
ED 0 1 205
ED 1 6 201
ED 1 2 252
ED 1 5 142
ED 2 7 206
ED 2 3 152
ED 3 8 231
ED 3 4 246
ED 3 7 171
ED 4 9 194
ED 5 10 199
ED 5 6 212
ED 6 11 171
ED 6 7 222
ED 6 10 122
ED 7 12 237
ED 7 8 237
ED 7 1 128
ED 8 13 178
ED 8 9 239
ED 8 12 143
ED 9 14 166
ED 9 3 211
ED 10 15 195
ED 10 11 236
ED 11 16 272
ED 11 12 148
ED 11 15 218
ED 12 17 180
ED 12 13 190
ED 12 6 206
ED 13 18 222
ED 13 14 200
ED 13 17 165
ED 14 19 217
ED 14 8 140
ED 15 20 227
ED 15 16 299
ED 16 21 128
ED 16 17 220
ED 16 20 177
ED 17 22 194
ED 17 18 203
ED 17 11 161
ED 18 23 158
ED 18 19 212
ED 18 22 144
ED 19 24 236
ED 19 13 122
ED 20 21 197
ED 21 22 184
ED 22 23 152
ED 22 16 132
ED 23 24 204
ED 24 18 160
DM 1 10 1000 
DM 2 17 1000 
DM 3 13 1000 
DM 4 15 1000 
DM 5 20 1000 
DM 6 24 1000 
ID 1 72 49 
SD 1 25
OD 1 21
