VC 100
EC 180
DMC 4
IC 1
SC 1
OC 1
NL 0
QN 1
ED 0 10 32
ED 0 1 57
ED 1 11 28
ED 1 2 29
ED 2 12 11
ED 2 3 23
ED 3 13 18
ED 3 4 52
ED 4 14 22
ED 4 5 55
ED 5 15 23
ED 5 6 24
ED 6 16 59
ED 6 7 67
ED 7 17 17
ED 7 8 62
ED 8 18 72
ED 8 9 27
ED 9 19 9
ED 10 20 40
ED 10 11 13
ED 11 21 17
ED 11 12 29
ED 12 22 19
ED 12 13 27
ED 13 23 23
ED 13 14 50
ED 14 24 68
ED 14 15 56
ED 15 25 43
ED 15 16 42
ED 16 26 39
ED 16 17 21
ED 17 27 22
ED 17 18 28
ED 18 28 60
ED 18 19 52
ED 19 29 28
ED 20 30 69
ED 20 21 48
ED 21 31 47
ED 21 22 33
ED 22 32 49
ED 22 23 28
ED 23 33 23
ED 23 24 43
ED 24 34 54
ED 24 25 54
ED 25 35 14
ED 25 26 36
ED 26 36 41
ED 26 27 22
ED 27 37 34
ED 27 28 26
ED 28 38 29
ED 28 29 3
ED 29 39 24
ED 30 40 52
ED 30 31 60
ED 31 41 9
ED 31 32 58
ED 32 42 8
ED 32 33 48
ED 33 43 17
ED 33 34 25
ED 34 44 18
ED 34 35 14
ED 35 45 12
ED 35 36 46
ED 36 46 33
ED 36 37 56
ED 37 47 48
ED 37 38 8
ED 38 48 35
ED 38 39 56
ED 39 49 70
ED 40 50 10
ED 40 41 45
ED 41 51 17
ED 41 42 53
ED 42 52 42
ED 42 43 59
ED 43 53 47
ED 43 44 14
ED 44 54 51
ED 44 45 26
ED 45 55 45
ED 45 46 35
ED 46 56 61
ED 46 47 14
ED 47 57 51
ED 47 48 38
ED 48 58 9
ED 48 49 34
ED 49 59 40
ED 50 60 41
ED 50 51 64
ED 51 61 58
ED 51 52 63
ED 52 62 73
ED 52 53 23
ED 53 63 78
ED 53 54 30
ED 54 64 62
ED 54 55 47
ED 55 65 55
ED 55 56 69
ED 56 66 60
ED 56 57 7
ED 57 67 54
ED 57 58 25
ED 58 68 58
ED 58 59 54
ED 59 69 61
ED 60 70 31
ED 60 61 25
ED 61 71 38
ED 61 62 56
ED 62 72 68
ED 62 63 20
ED 63 73 48
ED 63 64 40
ED 64 74 54
ED 64 65 9
ED 65 75 33
ED 65 66 14
ED 66 76 32
ED 66 67 19
ED 67 77 37
ED 67 68 60
ED 68 78 68
ED 68 69 66
ED 69 79 12
ED 70 80 41
ED 70 71 24
ED 71 81 39
ED 71 72 59
ED 72 82 17
ED 72 73 25
ED 73 83 5
ED 73 74 30
ED 74 84 29
ED 74 75 57
ED 75 85 28
ED 75 76 10
ED 76 86 61
ED 76 77 41
ED 77 87 23
ED 77 78 28
ED 78 88 7
ED 78 79 22
ED 79 89 44
ED 80 90 24
ED 80 81 15
ED 81 91 19
ED 81 82 46
ED 82 92 69
ED 82 83 24
ED 83 93 58
ED 83 84 16
ED 84 94 30
ED 84 85 22
ED 85 95 23
ED 85 86 57
ED 86 96 14
ED 86 87 20
ED 87 97 65
ED 87 88 17
ED 88 98 66
ED 88 89 58
ED 89 99 78
ED 90 91 51
ED 91 92 48
ED 92 93 23
ED 93 94 51
ED 94 95 46
ED 95 96 28
ED 96 97 63
ED 97 98 46
ED 98 99 52
DM 1 53 1000 
DM 2 88 1000 
DM 3 71 1000 
DM 4 29 1000 
ID 1 28 43 
SD 1 29
OD 1 77
