VC 400
EC 1121
DMC 1
IC 1
SC 1
OC 1
NL 0
QN 1
ED 0 20 169
ED 0 1 185
ED 1 21 169
ED 1 2 234
ED 1 20 114
ED 2 22 174
ED 2 3 183
ED 3 23 218
ED 3 4 218
ED 3 22 139
ED 4 24 165
ED 4 5 144
ED 5 25 240
ED 5 6 224
ED 5 24 177
ED 6 26 273
ED 6 7 224
ED 7 27 222
ED 7 8 221
ED 7 26 155
ED 8 28 154
ED 8 9 202
ED 9 29 200
ED 9 10 219
ED 9 28 174
ED 10 30 209
ED 10 11 279
ED 11 31 222
ED 11 12 201
ED 11 30 157
ED 12 32 210
ED 12 13 246
ED 13 33 212
ED 13 14 166
ED 13 32 188
ED 14 34 209
ED 14 15 243
ED 15 35 212
ED 15 16 127
ED 15 34 207
ED 16 36 194
ED 16 17 208
ED 17 37 210
ED 17 18 223
ED 17 36 147
ED 18 38 144
ED 18 19 178
ED 19 39 205
ED 19 38 100
ED 20 40 224
ED 20 21 183
ED 21 41 195
ED 21 22 193
ED 21 40 193
ED 22 42 203
ED 22 23 221
ED 22 1 181
ED 23 43 139
ED 23 24 243
ED 23 42 158
ED 24 44 225
ED 24 25 198
ED 24 3 139
ED 25 45 222
ED 25 26 221
ED 25 44 163
ED 26 46 138
ED 26 27 210
ED 26 5 211
ED 27 47 130
ED 27 28 239
ED 27 46 134
ED 28 48 267
ED 28 29 260
ED 28 7 143
ED 29 49 198
ED 29 30 239
ED 29 48 180
ED 30 50 276
ED 30 31 245
ED 30 9 155
ED 31 51 146
ED 31 32 242
ED 31 50 167
ED 32 52 225
ED 32 33 178
ED 32 11 143
ED 33 53 252
ED 33 34 209
ED 33 52 175
ED 34 54 214
ED 34 35 207
ED 34 13 127
ED 35 55 256
ED 35 36 189
ED 35 54 159
ED 36 56 207
ED 36 37 205
ED 36 15 165
ED 37 57 147
ED 37 38 276
ED 37 56 149
ED 38 58 275
ED 38 39 216
ED 38 17 194
ED 39 59 197
ED 39 58 170
ED 40 60 173
ED 40 41 183
ED 41 61 216
ED 41 42 173
ED 41 60 140
ED 42 62 193
ED 42 43 197
ED 42 21 135
ED 43 63 229
ED 43 44 168
ED 43 62 138
ED 44 64 225
ED 44 45 232
ED 44 23 130
ED 45 65 203
ED 45 46 268
ED 45 64 124
ED 46 66 248
ED 46 47 191
ED 46 25 222
ED 47 67 264
ED 47 48 147
ED 47 66 196
ED 48 68 190
ED 48 49 182
ED 48 27 146
ED 49 69 200
ED 49 50 188
ED 49 68 135
ED 50 70 151
ED 50 51 198
ED 50 29 157
ED 51 71 259
ED 51 52 137
ED 51 70 162
ED 52 72 163
ED 52 53 245
ED 52 31 132
ED 53 73 165
ED 53 54 226
ED 53 72 139
ED 54 74 218
ED 54 55 248
ED 54 33 199
ED 55 75 199
ED 55 56 195
ED 55 74 212
ED 56 76 204
ED 56 57 162
ED 56 35 195
ED 57 77 207
ED 57 58 150
ED 57 76 206
ED 58 78 138
ED 58 59 212
ED 58 37 139
ED 59 79 209
ED 59 78 110
ED 60 80 200
ED 60 61 168
ED 61 81 239
ED 61 62 237
ED 61 80 136
ED 62 82 203
ED 62 63 217
ED 62 41 173
ED 63 83 235
ED 63 64 211
ED 63 82 188
ED 64 84 138
ED 64 65 171
ED 64 43 226
ED 65 85 193
ED 65 66 229
ED 65 84 95
ED 66 86 190
ED 66 67 212
ED 66 45 180
ED 67 87 147
ED 67 68 216
ED 67 86 193
ED 68 88 157
ED 68 69 195
ED 68 47 192
ED 69 89 189
ED 69 70 226
ED 69 88 201
ED 70 90 187
ED 70 71 223
ED 70 49 197
ED 71 91 168
ED 71 72 257
ED 71 90 118
ED 72 92 191
ED 72 73 210
ED 72 51 148
ED 73 93 197
ED 73 74 179
ED 73 92 110
ED 74 94 163
ED 74 75 230
ED 74 53 127
ED 75 95 157
ED 75 76 191
ED 75 94 159
ED 76 96 211
ED 76 77 207
ED 76 55 103
ED 77 97 182
ED 77 78 242
ED 77 96 171
ED 78 98 273
ED 78 79 255
ED 78 57 192
ED 79 99 132
ED 79 98 197
ED 80 100 180
ED 80 81 246
ED 81 101 188
ED 81 82 210
ED 81 100 194
ED 82 102 225
ED 82 83 250
ED 82 61 163
ED 83 103 181
ED 83 84 296
ED 83 102 165
ED 84 104 201
ED 84 85 233
ED 84 63 177
ED 85 105 230
ED 85 86 178
ED 85 104 135
ED 86 106 235
ED 86 87 170
ED 86 65 148
ED 87 107 239
ED 87 88 209
ED 87 106 148
ED 88 108 224
ED 88 89 217
ED 88 67 108
ED 89 109 184
ED 89 90 268
ED 89 108 115
ED 90 110 246
ED 90 91 202
ED 90 69 168
ED 91 111 236
ED 91 92 251
ED 91 110 163
ED 92 112 259
ED 92 93 214
ED 92 71 171
ED 93 113 213
ED 93 94 202
ED 93 112 163
ED 94 114 200
ED 94 95 232
ED 94 73 153
ED 95 115 246
ED 95 96 186
ED 95 114 153
ED 96 116 136
ED 96 97 128
ED 96 75 191
ED 97 117 214
ED 97 98 179
ED 97 116 136
ED 98 118 184
ED 98 99 205
ED 98 77 174
ED 99 119 259
ED 99 118 233
ED 100 120 229
ED 100 101 280
ED 101 121 163
ED 101 102 170
ED 101 120 181
ED 102 122 218
ED 102 103 226
ED 102 81 116
ED 103 123 214
ED 103 104 277
ED 103 122 151
ED 104 124 254
ED 104 105 245
ED 104 83 202
ED 105 125 155
ED 105 106 239
ED 105 124 122
ED 106 126 208
ED 106 107 139
ED 106 85 183
ED 107 127 176
ED 107 108 253
ED 107 126 149
ED 108 128 218
ED 108 109 194
ED 108 87 223
ED 109 129 276
ED 109 110 156
ED 109 128 199
ED 110 130 163
ED 110 111 238
ED 110 89 208
ED 111 131 186
ED 111 112 196
ED 111 130 203
ED 112 132 163
ED 112 113 185
ED 112 91 174
ED 113 133 193
ED 113 114 244
ED 113 132 180
ED 114 134 256
ED 114 115 215
ED 114 93 174
ED 115 135 185
ED 115 116 280
ED 115 134 131
ED 116 136 211
ED 116 117 182
ED 116 95 153
ED 117 137 213
ED 117 118 199
ED 117 136 110
ED 118 138 144
ED 118 119 203
ED 118 97 188
ED 119 139 205
ED 119 138 121
ED 120 140 216
ED 120 121 179
ED 121 141 259
ED 121 122 192
ED 121 140 143
ED 122 142 204
ED 122 123 212
ED 122 101 148
ED 123 143 182
ED 123 124 233
ED 123 142 140
ED 124 144 161
ED 124 125 154
ED 124 103 198
ED 125 145 214
ED 125 126 200
ED 125 144 164
ED 126 146 183
ED 126 127 180
ED 126 105 167
ED 127 147 233
ED 127 128 173
ED 127 146 170
ED 128 148 202
ED 128 129 236
ED 128 107 195
ED 129 149 196
ED 129 130 232
ED 129 148 144
ED 130 150 207
ED 130 131 259
ED 130 109 132
ED 131 151 196
ED 131 132 204
ED 131 150 177
ED 132 152 221
ED 132 133 234
ED 132 111 72
ED 133 153 171
ED 133 134 203
ED 133 152 138
ED 134 154 169
ED 134 135 172
ED 134 113 183
ED 135 155 160
ED 135 136 265
ED 135 154 148
ED 136 156 224
ED 136 137 216
ED 136 115 209
ED 137 157 231
ED 137 138 204
ED 137 156 188
ED 138 158 276
ED 138 139 260
ED 138 117 200
ED 139 159 180
ED 139 158 198
ED 140 160 224
ED 140 141 212
ED 141 161 184
ED 141 142 217
ED 141 160 170
ED 142 162 212
ED 142 143 195
ED 142 121 231
ED 143 163 224
ED 143 144 209
ED 143 162 190
ED 144 164 253
ED 144 145 275
ED 144 123 109
ED 145 165 208
ED 145 146 202
ED 145 164 197
ED 146 166 222
ED 146 147 158
ED 146 125 223
ED 147 167 191
ED 147 148 233
ED 147 166 161
ED 148 168 184
ED 148 149 223
ED 148 127 180
ED 149 169 130
ED 149 150 227
ED 149 168 155
ED 150 170 206
ED 150 151 215
ED 150 129 131
ED 151 171 195
ED 151 152 226
ED 151 170 162
ED 152 172 222
ED 152 153 210
ED 152 131 127
ED 153 173 215
ED 153 154 146
ED 153 172 213
ED 154 174 161
ED 154 155 190
ED 154 133 169
ED 155 175 219
ED 155 156 216
ED 155 174 106
ED 156 176 228
ED 156 157 209
ED 156 135 206
ED 157 177 186
ED 157 158 176
ED 157 176 167
ED 158 178 203
ED 158 159 184
ED 158 137 159
ED 159 179 209
ED 159 178 200
ED 160 180 168
ED 160 161 205
ED 161 181 195
ED 161 162 181
ED 161 180 206
ED 162 182 191
ED 162 163 190
ED 162 141 164
ED 163 183 189
ED 163 164 218
ED 163 182 157
ED 164 184 147
ED 164 165 181
ED 164 143 128
ED 165 185 188
ED 165 166 212
ED 165 184 94
ED 166 186 148
ED 166 167 165
ED 166 145 160
ED 167 187 233
ED 167 168 227
ED 167 186 123
ED 168 188 219
ED 168 169 175
ED 168 147 187
ED 169 189 222
ED 169 170 169
ED 169 188 178
ED 170 190 245
ED 170 171 206
ED 170 149 106
ED 171 191 185
ED 171 172 220
ED 171 190 158
ED 172 192 221
ED 172 173 211
ED 172 151 168
ED 173 193 217
ED 173 174 229
ED 173 192 197
ED 174 194 205
ED 174 175 227
ED 174 153 171
ED 175 195 172
ED 175 176 175
ED 175 194 156
ED 176 196 150
ED 176 177 168
ED 176 155 225
ED 177 197 186
ED 177 178 164
ED 177 196 147
ED 178 198 157
ED 178 179 185
ED 178 157 143
ED 179 199 204
ED 179 198 183
ED 180 200 219
ED 180 181 255
ED 181 201 180
ED 181 182 172
ED 181 200 215
ED 182 202 133
ED 182 183 177
ED 182 161 151
ED 183 203 156
ED 183 184 293
ED 183 202 122
ED 184 204 226
ED 184 185 214
ED 184 163 184
ED 185 205 217
ED 185 186 222
ED 185 204 197
ED 186 206 202
ED 186 187 211
ED 186 165 212
ED 187 207 193
ED 187 188 233
ED 187 206 110
ED 188 208 225
ED 188 189 210
ED 188 167 183
ED 189 209 202
ED 189 190 132
ED 189 208 180
ED 190 210 160
ED 190 191 170
ED 190 169 187
ED 191 211 230
ED 191 192 210
ED 191 210 154
ED 192 212 178
ED 192 193 178
ED 192 171 217
ED 193 213 212
ED 193 194 242
ED 193 212 179
ED 194 214 199
ED 194 195 182
ED 194 173 159
ED 195 215 224
ED 195 196 209
ED 195 214 143
ED 196 216 237
ED 196 197 203
ED 196 175 148
ED 197 217 249
ED 197 198 165
ED 197 216 213
ED 198 218 236
ED 198 199 215
ED 198 177 119
ED 199 219 170
ED 199 218 110
ED 200 220 230
ED 200 201 210
ED 201 221 184
ED 201 202 222
ED 201 220 176
ED 202 222 236
ED 202 203 218
ED 202 181 127
ED 203 223 195
ED 203 204 178
ED 203 222 142
ED 204 224 184
ED 204 205 259
ED 204 183 151
ED 205 225 235
ED 205 206 227
ED 205 224 191
ED 206 226 226
ED 206 207 227
ED 206 185 179
ED 207 227 213
ED 207 208 204
ED 207 226 166
ED 208 228 140
ED 208 209 155
ED 208 187 215
ED 209 229 216
ED 209 210 176
ED 209 228 144
ED 210 230 213
ED 210 211 239
ED 210 189 124
ED 211 231 207
ED 211 212 198
ED 211 230 192
ED 212 232 221
ED 212 213 202
ED 212 191 188
ED 213 233 211
ED 213 214 253
ED 213 232 172
ED 214 234 256
ED 214 215 206
ED 214 193 158
ED 215 235 239
ED 215 216 172
ED 215 234 142
ED 216 236 168
ED 216 217 219
ED 216 195 177
ED 217 237 182
ED 217 218 255
ED 217 236 150
ED 218 238 185
ED 218 219 140
ED 218 197 194
ED 219 239 213
ED 219 238 188
ED 220 240 181
ED 220 221 144
ED 221 241 229
ED 221 222 233
ED 221 240 168
ED 222 242 231
ED 222 223 139
ED 222 201 209
ED 223 243 229
ED 223 224 210
ED 223 242 154
ED 224 244 202
ED 224 225 271
ED 224 203 130
ED 225 245 144
ED 225 226 252
ED 225 244 130
ED 226 246 149
ED 226 227 173
ED 226 205 173
ED 227 247 198
ED 227 228 284
ED 227 246 103
ED 228 248 245
ED 228 229 230
ED 228 207 150
ED 229 249 219
ED 229 230 158
ED 229 248 233
ED 230 250 206
ED 230 231 234
ED 230 209 137
ED 231 251 142
ED 231 232 196
ED 231 250 153
ED 232 252 137
ED 232 233 216
ED 232 211 152
ED 233 253 155
ED 233 234 215
ED 233 252 148
ED 234 254 222
ED 234 235 179
ED 234 213 200
ED 235 255 164
ED 235 236 232
ED 235 254 169
ED 236 256 183
ED 236 237 208
ED 236 215 156
ED 237 257 219
ED 237 238 226
ED 237 256 102
ED 238 258 183
ED 238 239 217
ED 238 217 137
ED 239 259 235
ED 239 258 174
ED 240 260 175
ED 240 241 195
ED 241 261 242
ED 241 242 195
ED 241 260 149
ED 242 262 199
ED 242 243 192
ED 242 221 226
ED 243 263 190
ED 243 244 202
ED 243 262 179
ED 244 264 229
ED 244 245 221
ED 244 223 193
ED 245 265 229
ED 245 246 224
ED 245 264 180
ED 246 266 253
ED 246 247 230
ED 246 225 180
ED 247 267 184
ED 247 248 197
ED 247 266 123
ED 248 268 161
ED 248 249 261
ED 248 227 155
ED 249 269 214
ED 249 250 192
ED 249 268 153
ED 250 270 153
ED 250 251 192
ED 250 229 137
ED 251 271 244
ED 251 252 204
ED 251 270 209
ED 252 272 205
ED 252 253 215
ED 252 231 173
ED 253 273 247
ED 253 254 128
ED 253 272 182
ED 254 274 129
ED 254 255 180
ED 254 233 133
ED 255 275 178
ED 255 256 238
ED 255 274 143
ED 256 276 255
ED 256 257 237
ED 256 235 176
ED 257 277 196
ED 257 258 239
ED 257 276 130
ED 258 278 241
ED 258 259 246
ED 258 237 163
ED 259 279 177
ED 259 278 145
ED 260 280 193
ED 260 261 230
ED 261 281 159
ED 261 262 234
ED 261 280 131
ED 262 282 204
ED 262 263 143
ED 262 241 199
ED 263 283 246
ED 263 264 184
ED 263 282 192
ED 264 284 224
ED 264 265 247
ED 264 243 119
ED 265 285 185
ED 265 266 203
ED 265 284 196
ED 266 286 191
ED 266 267 153
ED 266 245 193
ED 267 287 239
ED 267 268 280
ED 267 286 160
ED 268 288 264
ED 268 269 260
ED 268 247 191
ED 269 289 194
ED 269 270 230
ED 269 288 201
ED 270 290 273
ED 270 271 290
ED 270 249 91
ED 271 291 190
ED 271 272 211
ED 271 290 239
ED 272 292 243
ED 272 273 209
ED 272 251 151
ED 273 293 220
ED 273 274 262
ED 273 292 151
ED 274 294 244
ED 274 275 227
ED 274 253 125
ED 275 295 229
ED 275 276 164
ED 275 294 209
ED 276 296 193
ED 276 277 184
ED 276 255 208
ED 277 297 201
ED 277 278 222
ED 277 296 171
ED 278 298 223
ED 278 279 214
ED 278 257 166
ED 279 299 200
ED 279 298 204
ED 280 300 211
ED 280 281 168
ED 281 301 241
ED 281 282 208
ED 281 300 134
ED 282 302 210
ED 282 283 210
ED 282 261 144
ED 283 303 216
ED 283 284 196
ED 283 302 143
ED 284 304 148
ED 284 285 205
ED 284 263 171
ED 285 305 187
ED 285 286 176
ED 285 304 167
ED 286 306 185
ED 286 287 258
ED 286 265 97
ED 287 307 202
ED 287 288 207
ED 287 306 104
ED 288 308 196
ED 288 289 213
ED 288 267 182
ED 289 309 179
ED 289 290 185
ED 289 308 135
ED 290 310 176
ED 290 291 168
ED 290 269 113
ED 291 311 266
ED 291 292 196
ED 291 310 159
ED 292 312 158
ED 292 293 252
ED 292 271 107
ED 293 313 157
ED 293 294 191
ED 293 312 214
ED 294 314 155
ED 294 295 194
ED 294 273 186
ED 295 315 246
ED 295 296 174
ED 295 314 159
ED 296 316 234
ED 296 297 254
ED 296 275 145
ED 297 317 182
ED 297 298 181
ED 297 316 154
ED 298 318 149
ED 298 299 197
ED 298 277 179
ED 299 319 249
ED 299 318 196
ED 300 320 197
ED 300 301 214
ED 301 321 185
ED 301 302 256
ED 301 320 135
ED 302 322 162
ED 302 303 186
ED 302 281 242
ED 303 323 161
ED 303 304 253
ED 303 322 145
ED 304 324 254
ED 304 305 218
ED 304 283 133
ED 305 325 257
ED 305 306 260
ED 305 324 195
ED 306 326 249
ED 306 307 252
ED 306 285 189
ED 307 327 129
ED 307 308 215
ED 307 326 195
ED 308 328 205
ED 308 309 165
ED 308 287 167
ED 309 329 178
ED 309 310 213
ED 309 328 147
ED 310 330 161
ED 310 311 267
ED 310 289 153
ED 311 331 210
ED 311 312 218
ED 311 330 226
ED 312 332 240
ED 312 313 239
ED 312 291 162
ED 313 333 191
ED 313 314 203
ED 313 332 145
ED 314 334 241
ED 314 315 255
ED 314 293 106
ED 315 335 126
ED 315 316 251
ED 315 334 97
ED 316 336 142
ED 316 317 166
ED 316 295 221
ED 317 337 164
ED 317 318 203
ED 317 336 166
ED 318 338 193
ED 318 319 227
ED 318 297 113
ED 319 339 173
ED 319 338 84
ED 320 340 190
ED 320 321 237
ED 321 341 190
ED 321 322 218
ED 321 340 131
ED 322 342 183
ED 322 323 174
ED 322 301 191
ED 323 343 241
ED 323 324 192
ED 323 342 93
ED 324 344 153
ED 324 325 274
ED 324 303 119
ED 325 345 166
ED 325 326 192
ED 325 344 196
ED 326 346 197
ED 326 327 198
ED 326 305 161
ED 327 347 221
ED 327 328 164
ED 327 346 147
ED 328 348 190
ED 328 329 183
ED 328 307 120
ED 329 349 243
ED 329 330 193
ED 329 348 138
ED 330 350 252
ED 330 331 263
ED 330 309 156
ED 331 351 195
ED 331 332 273
ED 331 350 98
ED 332 352 174
ED 332 333 146
ED 332 311 150
ED 333 353 231
ED 333 334 223
ED 333 352 128
ED 334 354 191
ED 334 335 129
ED 334 313 192
ED 335 355 221
ED 335 336 226
ED 335 354 139
ED 336 356 194
ED 336 337 193
ED 336 315 171
ED 337 357 214
ED 337 338 234
ED 337 356 140
ED 338 358 201
ED 338 339 193
ED 338 317 169
ED 339 359 216
ED 339 358 96
ED 340 360 243
ED 340 341 186
ED 341 361 180
ED 341 342 266
ED 341 360 159
ED 342 362 230
ED 342 343 216
ED 342 321 173
ED 343 363 192
ED 343 344 270
ED 343 362 85
ED 344 364 216
ED 344 345 237
ED 344 323 183
ED 345 365 208
ED 345 346 224
ED 345 364 157
ED 346 366 217
ED 346 347 192
ED 346 325 142
ED 347 367 240
ED 347 348 201
ED 347 366 170
ED 348 368 205
ED 348 349 211
ED 348 327 205
ED 349 369 213
ED 349 350 224
ED 349 368 200
ED 350 370 187
ED 350 351 187
ED 350 329 221
ED 351 371 191
ED 351 352 274
ED 351 370 171
ED 352 372 259
ED 352 353 201
ED 352 331 199
ED 353 373 237
ED 353 354 219
ED 353 372 191
ED 354 374 208
ED 354 355 215
ED 354 333 181
ED 355 375 253
ED 355 356 194
ED 355 374 194
ED 356 376 239
ED 356 357 228
ED 356 335 208
ED 357 377 229
ED 357 358 202
ED 357 376 182
ED 358 378 227
ED 358 359 218
ED 358 337 198
ED 359 379 209
ED 359 378 175
ED 360 380 219
ED 360 361 196
ED 361 381 225
ED 361 362 220
ED 361 380 189
ED 362 382 231
ED 362 363 182
ED 362 341 227
ED 363 383 164
ED 363 364 256
ED 363 382 169
ED 364 384 213
ED 364 365 224
ED 364 343 189
ED 365 385 191
ED 365 366 211
ED 365 384 171
ED 366 386 185
ED 366 367 221
ED 366 345 180
ED 367 387 138
ED 367 368 189
ED 367 386 213
ED 368 388 214
ED 368 369 251
ED 368 347 127
ED 369 389 174
ED 369 370 216
ED 369 388 141
ED 370 390 217
ED 370 371 231
ED 370 349 102
ED 371 391 175
ED 371 372 207
ED 371 390 118
ED 372 392 172
ED 372 373 239
ED 372 351 150
ED 373 393 186
ED 373 374 228
ED 373 392 158
ED 374 394 172
ED 374 375 218
ED 374 353 167
ED 375 395 156
ED 375 376 234
ED 375 394 174
ED 376 396 211
ED 376 377 171
ED 376 355 170
ED 377 397 203
ED 377 378 201
ED 377 396 161
ED 378 398 223
ED 378 379 275
ED 378 357 112
ED 379 399 210
ED 379 398 182
ED 380 381 167
ED 381 382 181
ED 382 383 238
ED 382 361 159
ED 383 384 163
ED 384 385 221
ED 384 363 172
ED 385 386 180
ED 386 387 219
ED 386 365 117
ED 387 388 188
ED 388 389 217
ED 388 367 145
ED 389 390 184
ED 390 391 219
ED 390 369 153
ED 391 392 173
ED 392 393 234
ED 392 371 194
ED 393 394 220
ED 394 395 254
ED 394 373 105
ED 395 396 145
ED 396 397 225
ED 396 375 145
ED 397 398 182
ED 398 399 235
ED 398 377 189
DM 1 255 1000 
ID 1 64 35 
SD 1 191
OD 1 295
