VC 100
EC 99
DMC 4
IC 1
SC 1
OC 1
NL 0
QN 1
ED 0 1 136
ED 1 2 52
ED 2 3 117
ED 3 4 116
ED 4 5 138
ED 5 6 70
ED 6 7 86
ED 7 8 162
ED 8 9 94
ED 9 10 96
ED 10 11 60
ED 11 12 120
ED 12 13 88
ED 13 14 162
ED 14 15 85
ED 15 16 87
ED 16 17 118
ED 17 18 86
ED 18 19 133
ED 19 20 86
ED 20 21 142
ED 21 22 107
ED 22 23 93
ED 23 24 55
ED 24 25 111
ED 25 26 80
ED 26 27 89
ED 27 28 172
ED 28 29 80
ED 29 30 95
ED 30 31 66
ED 31 32 171
ED 32 33 96
ED 33 34 72
ED 34 35 88
ED 35 36 98
ED 36 37 139
ED 37 38 87
ED 38 39 150
ED 39 40 71
ED 40 41 122
ED 41 42 117
ED 42 43 98
ED 43 44 73
ED 44 45 102
ED 45 46 117
ED 46 47 155
ED 47 48 72
ED 48 49 112
ED 49 50 82
ED 50 51 124
ED 51 52 48
ED 52 53 159
ED 53 54 89
ED 54 55 96
ED 55 56 119
ED 56 57 138
ED 57 58 117
ED 58 59 46
ED 59 60 122
ED 60 61 130
ED 61 62 97
ED 62 63 85
ED 63 64 128
ED 64 65 106
ED 65 66 156
ED 66 67 39
ED 67 68 161
ED 68 69 114
ED 69 70 120
ED 70 71 110
ED 71 72 68
ED 72 73 109
ED 73 74 156
ED 74 75 64
ED 75 76 122
ED 76 77 126
ED 77 78 40
ED 78 79 130
ED 79 80 119
ED 80 81 78
ED 81 82 140
ED 82 83 135
ED 83 84 55
ED 84 85 125
ED 85 86 138
ED 86 87 90
ED 87 88 148
ED 88 89 110
ED 89 90 103
ED 90 91 109
ED 91 92 104
ED 92 93 77
ED 93 94 69
ED 94 95 159
ED 95 96 71
ED 96 97 116
ED 97 98 88
ED 98 99 164
DM 1 79 1000 
DM 2 38 1000 
DM 3 69 1000 
DM 4 17 1000 
ID 1 81 30 
SD 1 18
OD 1 85
