VC 400
EC 760
DMC 4
IC 1
SC 1
OC 1
NL 0
QN 1
ED 0 20 11
ED 0 1 62
ED 1 21 51
ED 1 2 63
ED 2 22 57
ED 2 3 51
ED 3 23 40
ED 3 4 46
ED 4 24 34
ED 4 5 46
ED 5 25 15
ED 5 6 13
ED 6 26 36
ED 6 7 54
ED 7 27 28
ED 7 8 8
ED 8 28 40
ED 8 9 32
ED 9 29 36
ED 9 10 64
ED 10 30 45
ED 10 11 50
ED 11 31 31
ED 11 12 51
ED 12 32 29
ED 12 13 24
ED 13 33 47
ED 13 14 25
ED 14 34 25
ED 14 15 26
ED 15 35 37
ED 15 16 43
ED 16 36 31
ED 16 17 28
ED 17 37 39
ED 17 18 50
ED 18 38 67
ED 18 19 62
ED 19 39 58
ED 20 40 80
ED 20 21 56
ED 21 41 45
ED 21 22 44
ED 22 42 37
ED 22 23 21
ED 23 43 54
ED 23 24 44
ED 24 44 36
ED 24 25 14
ED 25 45 36
ED 25 26 62
ED 26 46 37
ED 26 27 15
ED 27 47 38
ED 27 28 40
ED 28 48 42
ED 28 29 24
ED 29 49 7
ED 29 30 33
ED 30 50 44
ED 30 31 64
ED 31 51 45
ED 31 32 15
ED 32 52 16
ED 32 33 8
ED 33 53 23
ED 33 34 46
ED 34 54 65
ED 34 35 50
ED 35 55 53
ED 35 36 20
ED 36 56 8
ED 36 37 40
ED 37 57 32
ED 37 38 55
ED 38 58 91
ED 38 39 18
ED 39 59 54
ED 40 60 80
ED 40 41 70
ED 41 61 39
ED 41 42 27
ED 42 62 55
ED 42 43 5
ED 43 63 33
ED 43 44 75
ED 44 64 53
ED 44 45 78
ED 45 65 47
ED 45 46 65
ED 46 66 22
ED 46 47 46
ED 47 67 55
ED 47 48 43
ED 48 68 55
ED 48 49 20
ED 49 69 54
ED 49 50 7
ED 50 70 24
ED 50 51 52
ED 51 71 34
ED 51 52 45
ED 52 72 21
ED 52 53 22
ED 53 73 4
ED 53 54 47
ED 54 74 47
ED 54 55 48
ED 55 75 5
ED 55 56 25
ED 56 76 26
ED 56 57 10
ED 57 77 35
ED 57 58 66
ED 58 78 74
ED 58 59 52
ED 59 79 49
ED 60 80 19
ED 60 61 47
ED 61 81 16
ED 61 62 25
ED 62 82 48
ED 62 63 39
ED 63 83 27
ED 63 64 51
ED 64 84 18
ED 64 65 24
ED 65 85 19
ED 65 66 28
ED 66 86 38
ED 66 67 45
ED 67 87 66
ED 67 68 5
ED 68 88 19
ED 68 69 46
ED 69 89 35
ED 69 70 37
ED 70 90 53
ED 70 71 23
ED 71 91 26
ED 71 72 28
ED 72 92 6
ED 72 73 36
ED 73 93 42
ED 73 74 4
ED 74 94 20
ED 74 75 15
ED 75 95 19
ED 75 76 26
ED 76 96 47
ED 76 77 23
ED 77 97 23
ED 77 78 68
ED 78 98 68
ED 78 79 73
ED 79 99 38
ED 80 100 26
ED 80 81 31
ED 81 101 37
ED 81 82 15
ED 82 102 63
ED 82 83 19
ED 83 103 45
ED 83 84 42
ED 84 104 9
ED 84 85 35
ED 85 105 31
ED 85 86 46
ED 86 106 35
ED 86 87 43
ED 87 107 80
ED 87 88 52
ED 88 108 54
ED 88 89 41
ED 89 109 56
ED 89 90 55
ED 90 110 49
ED 90 91 60
ED 91 111 20
ED 91 92 5
ED 92 112 45
ED 92 93 14
ED 93 113 42
ED 93 94 66
ED 94 114 29
ED 94 95 17
ED 95 115 41
ED 95 96 53
ED 96 116 55
ED 96 97 51
ED 97 117 26
ED 97 98 48
ED 98 118 25
ED 98 99 67
ED 99 119 32
ED 100 120 40
ED 100 101 31
ED 101 121 67
ED 101 102 31
ED 102 122 24
ED 102 103 59
ED 103 123 60
ED 103 104 35
ED 104 124 50
ED 104 105 57
ED 105 125 72
ED 105 106 98
ED 106 126 53
ED 106 107 71
ED 107 127 81
ED 107 108 75
ED 108 128 32
ED 108 109 71
ED 109 129 25
ED 109 110 43
ED 110 130 33
ED 110 111 15
ED 111 131 30
ED 111 112 42
ED 112 132 34
ED 112 113 18
ED 113 133 34
ED 113 114 6
ED 114 134 33
ED 114 115 26
ED 115 135 34
ED 115 116 13
ED 116 136 28
ED 116 117 23
ED 117 137 9
ED 117 118 18
ED 118 138 35
ED 118 119 28
ED 119 139 27
ED 120 140 53
ED 120 121 25
ED 121 141 26
ED 121 122 82
ED 122 142 64
ED 122 123 62
ED 123 143 59
ED 123 124 16
ED 124 144 76
ED 124 125 65
ED 125 145 84
ED 125 126 40
ED 126 146 25
ED 126 127 43
ED 127 147 33
ED 127 128 41
ED 128 148 76
ED 128 129 80
ED 129 149 29
ED 129 130 66
ED 130 150 60
ED 130 131 12
ED 131 151 37
ED 131 132 39
ED 132 152 43
ED 132 133 49
ED 133 153 39
ED 133 134 60
ED 134 154 66
ED 134 135 60
ED 135 155 42
ED 135 136 14
ED 136 156 28
ED 136 137 9
ED 137 157 51
ED 137 138 45
ED 138 158 70
ED 138 139 34
ED 139 159 28
ED 140 160 21
ED 140 141 45
ED 141 161 58
ED 141 142 43
ED 142 162 30
ED 142 143 11
ED 143 163 38
ED 143 144 70
ED 144 164 71
ED 144 145 71
ED 145 165 65
ED 145 146 23
ED 146 166 47
ED 146 147 20
ED 147 167 48
ED 147 148 32
ED 148 168 51
ED 148 149 34
ED 149 169 23
ED 149 150 15
ED 150 170 33
ED 150 151 34
ED 151 171 46
ED 151 152 41
ED 152 172 38
ED 152 153 77
ED 153 173 31
ED 153 154 80
ED 154 174 40
ED 154 155 73
ED 155 175 72
ED 155 156 13
ED 156 176 31
ED 156 157 29
ED 157 177 56
ED 157 158 74
ED 158 178 40
ED 158 159 9
ED 159 179 43
ED 160 180 25
ED 160 161 52
ED 161 181 16
ED 161 162 39
ED 162 182 17
ED 162 163 19
ED 163 183 43
ED 163 164 44
ED 164 184 74
ED 164 165 57
ED 165 185 9
ED 165 166 19
ED 166 186 63
ED 166 167 14
ED 167 187 22
ED 167 168 17
ED 168 188 41
ED 168 169 42
ED 169 189 44
ED 169 170 42
ED 170 190 17
ED 170 171 45
ED 171 191 58
ED 171 172 58
ED 172 192 50
ED 172 173 8
ED 173 193 45
ED 173 174 50
ED 174 194 64
ED 174 175 75
ED 175 195 16
ED 175 176 64
ED 176 196 50
ED 176 177 34
ED 177 197 28
ED 177 178 43
ED 178 198 28
ED 178 179 37
ED 179 199 27
ED 180 200 52
ED 180 181 39
ED 181 201 22
ED 181 182 67
ED 182 202 14
ED 182 183 40
ED 183 203 47
ED 183 184 38
ED 184 204 38
ED 184 185 28
ED 185 205 34
ED 185 186 54
ED 186 206 17
ED 186 187 39
ED 187 207 14
ED 187 188 30
ED 188 208 70
ED 188 189 44
ED 189 209 48
ED 189 190 17
ED 190 210 37
ED 190 191 32
ED 191 211 53
ED 191 192 50
ED 192 212 62
ED 192 193 1
ED 193 213 37
ED 193 194 38
ED 194 214 21
ED 194 195 24
ED 195 215 37
ED 195 196 63
ED 196 216 75
ED 196 197 65
ED 197 217 43
ED 197 198 39
ED 198 218 22
ED 198 199 31
ED 199 219 30
ED 200 220 31
ED 200 201 37
ED 201 221 65
ED 201 202 39
ED 202 222 16
ED 202 203 42
ED 203 223 86
ED 203 204 50
ED 204 224 51
ED 204 205 52
ED 205 225 29
ED 205 206 57
ED 206 226 56
ED 206 207 43
ED 207 227 27
ED 207 208 53
ED 208 228 57
ED 208 209 72
ED 209 229 62
ED 209 210 68
ED 210 230 65
ED 210 211 59
ED 211 231 65
ED 211 212 67
ED 212 232 20
ED 212 213 28
ED 213 233 45
ED 213 214 39
ED 214 234 52
ED 214 215 48
ED 215 235 39
ED 215 216 22
ED 216 236 60
ED 216 217 55
ED 217 237 39
ED 217 218 46
ED 218 238 33
ED 218 219 75
ED 219 239 38
ED 220 240 36
ED 220 221 53
ED 221 241 59
ED 221 222 57
ED 222 242 28
ED 222 223 62
ED 223 243 56
ED 223 224 65
ED 224 244 62
ED 224 225 38
ED 225 245 8
ED 225 226 41
ED 226 246 28
ED 226 227 17
ED 227 247 12
ED 227 228 44
ED 228 248 39
ED 228 229 38
ED 229 249 52
ED 229 230 63
ED 230 250 44
ED 230 231 34
ED 231 251 70
ED 231 232 43
ED 232 252 70
ED 232 233 70
ED 233 253 55
ED 233 234 52
ED 234 254 81
ED 234 235 44
ED 235 255 39
ED 235 236 55
ED 236 256 39
ED 236 237 20
ED 237 257 31
ED 237 238 25
ED 238 258 28
ED 238 239 37
ED 239 259 31
ED 240 260 69
ED 240 241 33
ED 241 261 45
ED 241 242 19
ED 242 262 72
ED 242 243 35
ED 243 263 26
ED 243 244 43
ED 244 264 88
ED 244 245 39
ED 245 265 27
ED 245 246 41
ED 246 266 8
ED 246 247 5
ED 247 267 43
ED 247 248 34
ED 248 268 50
ED 248 249 43
ED 249 269 56
ED 249 250 56
ED 250 270 55
ED 250 251 71
ED 251 271 52
ED 251 252 67
ED 252 272 99
ED 252 253 55
ED 253 273 62
ED 253 254 36
ED 254 274 54
ED 254 255 49
ED 255 275 18
ED 255 256 19
ED 256 276 48
ED 256 257 12
ED 257 277 13
ED 257 258 26
ED 258 278 17
ED 258 259 11
ED 259 279 32
ED 260 280 61
ED 260 261 10
ED 261 281 51
ED 261 262 81
ED 262 282 24
ED 262 263 70
ED 263 283 41
ED 263 264 65
ED 264 284 28
ED 264 265 54
ED 265 285 42
ED 265 266 38
ED 266 286 51
ED 266 267 47
ED 267 287 28
ED 267 268 59
ED 268 288 54
ED 268 269 76
ED 269 289 2
ED 269 270 41
ED 270 290 59
ED 270 271 36
ED 271 291 31
ED 271 272 46
ED 272 292 68
ED 272 273 76
ED 273 293 62
ED 273 274 65
ED 274 294 73
ED 274 275 49
ED 275 295 66
ED 275 276 16
ED 276 296 14
ED 276 277 63
ED 277 297 58
ED 277 278 35
ED 278 298 50
ED 278 279 58
ED 279 299 18
ED 280 300 62
ED 280 281 56
ED 281 301 24
ED 281 282 25
ED 282 302 35
ED 282 283 59
ED 283 303 24
ED 283 284 38
ED 284 304 35
ED 284 285 69
ED 285 305 75
ED 285 286 53
ED 286 306 25
ED 286 287 17
ED 287 307 42
ED 287 288 43
ED 288 308 78
ED 288 289 88
ED 289 309 72
ED 289 290 46
ED 290 310 26
ED 290 291 72
ED 291 311 38
ED 291 292 57
ED 292 312 55
ED 292 293 53
ED 293 313 17
ED 293 294 72
ED 294 314 21
ED 294 295 64
ED 295 315 84
ED 295 296 80
ED 296 316 19
ED 296 297 15
ED 297 317 39
ED 297 298 20
ED 298 318 54
ED 298 299 63
ED 299 319 3
ED 300 320 15
ED 300 301 22
ED 301 321 20
ED 301 302 68
ED 302 322 43
ED 302 303 40
ED 303 323 44
ED 303 304 65
ED 304 324 68
ED 304 305 76
ED 305 325 58
ED 305 306 70
ED 306 326 44
ED 306 307 32
ED 307 327 16
ED 307 308 38
ED 308 328 4
ED 308 309 63
ED 309 329 33
ED 309 310 60
ED 310 330 74
ED 310 311 92
ED 311 331 35
ED 311 312 69
ED 312 332 42
ED 312 313 5
ED 313 333 68
ED 313 314 67
ED 314 334 27
ED 314 315 57
ED 315 335 76
ED 315 316 23
ED 316 336 37
ED 316 317 30
ED 317 337 44
ED 317 318 46
ED 318 338 53
ED 318 319 16
ED 319 339 38
ED 320 340 30
ED 320 321 21
ED 321 341 70
ED 321 322 78
ED 322 342 58
ED 322 323 41
ED 323 343 79
ED 323 324 33
ED 324 344 52
ED 324 325 64
ED 325 345 49
ED 325 326 32
ED 326 346 54
ED 326 327 22
ED 327 347 31
ED 327 328 36
ED 328 348 58
ED 328 329 48
ED 329 349 60
ED 329 330 43
ED 330 350 32
ED 330 331 24
ED 331 351 51
ED 331 332 38
ED 332 352 55
ED 332 333 65
ED 333 353 47
ED 333 334 4
ED 334 354 57
ED 334 335 3
ED 335 355 10
ED 335 336 18
ED 336 356 22
ED 336 337 13
ED 337 357 43
ED 337 338 42
ED 338 358 42
ED 338 339 84
ED 339 359 10
ED 340 360 60
ED 340 341 20
ED 341 361 28
ED 341 342 36
ED 342 362 58
ED 342 343 60
ED 343 363 38
ED 343 344 64
ED 344 364 52
ED 344 345 61
ED 345 365 7
ED 345 346 73
ED 346 366 75
ED 346 347 62
ED 347 367 51
ED 347 348 47
ED 348 368 33
ED 348 349 30
ED 349 369 29
ED 349 350 70
ED 350 370 36
ED 350 351 87
ED 351 371 30
ED 351 352 68
ED 352 372 62
ED 352 353 56
ED 353 373 37
ED 353 354 14
ED 354 374 37
ED 354 355 67
ED 355 375 24
ED 355 356 49
ED 356 376 53
ED 356 357 31
ED 357 377 27
ED 357 358 17
ED 358 378 29
ED 358 359 42
ED 359 379 38
ED 360 380 59
ED 360 361 60
ED 361 381 39
ED 361 362 64
ED 362 382 15
ED 362 363 35
ED 363 383 37
ED 363 364 28
ED 364 384 26
ED 364 365 28
ED 365 385 53
ED 365 366 14
ED 366 386 28
ED 366 367 64
ED 367 387 18
ED 367 368 50
ED 368 388 6
ED 368 369 57
ED 369 389 53
ED 369 370 57
ED 370 390 31
ED 370 371 50
ED 371 391 39
ED 371 372 52
ED 372 392 17
ED 372 373 49
ED 373 393 63
ED 373 374 31
ED 374 394 31
ED 374 375 36
ED 375 395 21
ED 375 376 22
ED 376 396 38
ED 376 377 36
ED 377 397 29
ED 377 378 22
ED 378 398 20
ED 378 379 27
ED 379 399 20
ED 380 381 52
ED 381 382 44
ED 382 383 20
ED 383 384 86
ED 384 385 48
ED 385 386 29
ED 386 387 41
ED 387 388 67
ED 388 389 23
ED 389 390 28
ED 390 391 20
ED 391 392 24
ED 392 393 13
ED 393 394 62
ED 394 395 64
ED 395 396 37
ED 396 397 15
ED 397 398 25
ED 398 399 39
DM 1 295 1000 
DM 2 244 1000 
DM 3 172 1000 
DM 4 76 1000 
ID 1 11 30 
SD 1 183
OD 1 326
