VC 100
EC 261
DMC 6
IC 1
SC 1
OC 1
NL 0
QN 1
ED 0 10 158
ED 0 1 183
ED 1 11 224
ED 1 2 232
ED 1 10 147
ED 2 12 225
ED 2 3 222
ED 3 13 209
ED 3 4 150
ED 3 12 154
ED 4 14 161
ED 4 5 214
ED 5 15 186
ED 5 6 221
ED 5 14 155
ED 6 16 199
ED 6 7 234
ED 7 17 250
ED 7 8 113
ED 7 16 217
ED 8 18 177
ED 8 9 230
ED 9 19 155
ED 9 18 107
ED 10 20 208
ED 10 11 235
ED 11 21 160
ED 11 12 232
ED 11 20 181
ED 12 22 222
ED 12 13 178
ED 12 1 169
ED 13 23 232
ED 13 14 229
ED 13 22 165
ED 14 24 222
ED 14 15 194
ED 14 3 151
ED 15 25 201
ED 15 16 211
ED 15 24 190
ED 16 26 238
ED 16 17 268
ED 16 5 105
ED 17 27 214
ED 17 18 239
ED 17 26 183
ED 18 28 261
ED 18 19 188
ED 18 7 171
ED 19 29 225
ED 19 28 214
ED 20 30 231
ED 20 21 186
ED 21 31 231
ED 21 22 189
ED 21 30 147
ED 22 32 219
ED 22 23 221
ED 22 11 117
ED 23 33 174
ED 23 24 201
ED 23 32 132
ED 24 34 196
ED 24 25 187
ED 24 13 145
ED 25 35 237
ED 25 26 221
ED 25 34 110
ED 26 36 220
ED 26 27 252
ED 26 15 157
ED 27 37 190
ED 27 28 163
ED 27 36 204
ED 28 38 138
ED 28 29 217
ED 28 17 146
ED 29 39 219
ED 29 38 148
ED 30 40 167
ED 30 31 148
ED 31 41 181
ED 31 32 254
ED 31 40 97
ED 32 42 202
ED 32 33 170
ED 32 21 217
ED 33 43 163
ED 33 34 217
ED 33 42 213
ED 34 44 172
ED 34 35 218
ED 34 23 171
ED 35 45 195
ED 35 36 186
ED 35 44 151
ED 36 46 150
ED 36 37 209
ED 36 25 196
ED 37 47 187
ED 37 38 256
ED 37 46 144
ED 38 48 279
ED 38 39 231
ED 38 27 146
ED 39 49 206
ED 39 48 210
ED 40 50 229
ED 40 41 178
ED 41 51 210
ED 41 42 173
ED 41 50 142
ED 42 52 172
ED 42 43 192
ED 42 31 160
ED 43 53 217
ED 43 44 225
ED 43 52 124
ED 44 54 253
ED 44 45 242
ED 44 33 154
ED 45 55 177
ED 45 46 234
ED 45 54 194
ED 46 56 223
ED 46 47 210
ED 46 35 142
ED 47 57 212
ED 47 48 163
ED 47 56 179
ED 48 58 207
ED 48 49 191
ED 48 37 140
ED 49 59 196
ED 49 58 104
ED 50 60 207
ED 50 51 165
ED 51 61 156
ED 51 52 260
ED 51 60 179
ED 52 62 214
ED 52 53 173
ED 52 41 201
ED 53 63 193
ED 53 54 185
ED 53 62 159
ED 54 64 177
ED 54 55 200
ED 54 43 188
ED 55 65 184
ED 55 56 183
ED 55 64 154
ED 56 66 207
ED 56 57 237
ED 56 45 96
ED 57 67 190
ED 57 58 232
ED 57 66 121
ED 58 68 171
ED 58 59 187
ED 58 47 220
ED 59 69 214
ED 59 68 218
ED 60 70 163
ED 60 61 191
ED 61 71 203
ED 61 62 176
ED 61 70 193
ED 62 72 189
ED 62 63 189
ED 62 51 150
ED 63 73 214
ED 63 64 222
ED 63 72 149
ED 64 74 221
ED 64 65 173
ED 64 53 195
ED 65 75 192
ED 65 66 225
ED 65 74 172
ED 66 76 224
ED 66 67 202
ED 66 55 175
ED 67 77 203
ED 67 68 192
ED 67 76 168
ED 68 78 238
ED 68 69 268
ED 68 57 147
ED 69 79 194
ED 69 78 237
ED 70 80 215
ED 70 71 236
ED 71 81 253
ED 71 72 162
ED 71 80 211
ED 72 82 202
ED 72 73 210
ED 72 61 149
ED 73 83 174
ED 73 74 201
ED 73 82 167
ED 74 84 154
ED 74 75 199
ED 74 63 201
ED 75 85 223
ED 75 76 157
ED 75 84 172
ED 76 86 172
ED 76 77 230
ED 76 65 186
ED 77 87 198
ED 77 78 132
ED 77 86 222
ED 78 88 174
ED 78 79 209
ED 78 67 145
ED 79 89 194
ED 79 88 159
ED 80 90 203
ED 80 81 215
ED 81 91 165
ED 81 82 210
ED 81 90 143
ED 82 92 251
ED 82 83 195
ED 82 71 106
ED 83 93 236
ED 83 84 237
ED 83 92 187
ED 84 94 198
ED 84 85 224
ED 84 73 190
ED 85 95 232
ED 85 86 178
ED 85 94 139
ED 86 96 229
ED 86 87 248
ED 86 75 122
ED 87 97 164
ED 87 88 186
ED 87 96 214
ED 88 98 206
ED 88 89 229
ED 88 77 122
ED 89 99 193
ED 89 98 182
ED 90 91 152
ED 91 92 174
ED 92 93 232
ED 92 81 139
ED 93 94 222
ED 94 95 212
ED 94 83 231
ED 95 96 199
ED 96 97 210
ED 96 85 121
ED 97 98 189
ED 98 99 152
ED 98 87 168
DM 1 22 1000 
DM 2 20 1000 
DM 3 70 1000 
DM 4 84 1000 
DM 5 31 1000 
DM 6 91 1000 
ID 1 81 4 
SD 1 47
OD 1 50
