VC 400
EC 399
DMC 2
IC 1
SC 1
OC 1
NL 0
QN 1
ED 0 1 116
ED 1 2 113
ED 2 3 75
ED 3 4 134
ED 4 5 60
ED 5 6 147
ED 6 7 99
ED 7 8 110
ED 8 9 127
ED 9 10 96
ED 10 11 47
ED 11 12 163
ED 12 13 99
ED 13 14 69
ED 14 15 148
ED 15 16 83
ED 16 17 108
ED 17 18 100
ED 18 19 118
ED 19 20 127
ED 20 21 92
ED 21 22 86
ED 22 23 133
ED 23 24 154
ED 24 25 103
ED 25 26 48
ED 26 27 122
ED 27 28 87
ED 28 29 94
ED 29 30 103
ED 30 31 126
ED 31 32 61
ED 32 33 143
ED 33 34 103
ED 34 35 100
ED 35 36 119
ED 36 37 108
ED 37 38 69
ED 38 39 154
ED 39 40 113
ED 40 41 112
ED 41 42 69
ED 42 43 109
ED 43 44 100
ED 44 45 113
ED 45 46 113
ED 46 47 129
ED 47 48 67
ED 48 49 152
ED 49 50 102
ED 50 51 131
ED 51 52 48
ED 52 53 120
ED 53 54 78
ED 54 55 163
ED 55 56 89
ED 56 57 120
ED 57 58 69
ED 58 59 136
ED 59 60 81
ED 60 61 98
ED 61 62 124
ED 62 63 125
ED 63 64 68
ED 64 65 150
ED 65 66 117
ED 66 67 65
ED 67 68 75
ED 68 69 142
ED 69 70 127
ED 70 71 51
ED 71 72 115
ED 72 73 119
ED 73 74 69
ED 74 75 116
ED 75 76 138
ED 76 77 65
ED 77 78 107
ED 78 79 138
ED 79 80 104
ED 80 81 104
ED 81 82 106
ED 82 83 64
ED 83 84 161
ED 84 85 52
ED 85 86 86
ED 86 87 108
ED 87 88 164
ED 88 89 103
ED 89 90 54
ED 90 91 185
ED 91 92 47
ED 92 93 117
ED 93 94 83
ED 94 95 90
ED 95 96 114
ED 96 97 92
ED 97 98 121
ED 98 99 123
ED 99 100 95
ED 100 101 95
ED 101 102 84
ED 102 103 157
ED 103 104 66
ED 104 105 76
ED 105 106 150
ED 106 107 119
ED 107 108 49
ED 108 109 148
ED 109 110 64
ED 110 111 120
ED 111 112 87
ED 112 113 156
ED 113 114 75
ED 114 115 150
ED 115 116 93
ED 116 117 106
ED 117 118 29
ED 118 119 170
ED 119 120 109
ED 120 121 108
ED 121 122 93
ED 122 123 90
ED 123 124 105
ED 124 125 154
ED 125 126 98
ED 126 127 85
ED 127 128 120
ED 128 129 84
ED 129 130 141
ED 130 131 127
ED 131 132 86
ED 132 133 60
ED 133 134 135
ED 134 135 103
ED 135 136 129
ED 136 137 102
ED 137 138 79
ED 138 139 125
ED 139 140 90
ED 140 141 66
ED 141 142 132
ED 142 143 131
ED 143 144 113
ED 144 145 74
ED 145 146 81
ED 146 147 123
ED 147 148 133
ED 148 149 51
ED 149 150 110
ED 150 151 105
ED 151 152 83
ED 152 153 167
ED 153 154 81
ED 154 155 77
ED 155 156 136
ED 156 157 116
ED 157 158 58
ED 158 159 119
ED 159 160 70
ED 160 161 120
ED 161 162 111
ED 162 163 80
ED 163 164 165
ED 164 165 50
ED 165 166 108
ED 166 167 183
ED 167 168 79
ED 168 169 107
ED 169 170 77
ED 170 171 143
ED 171 172 92
ED 172 173 79
ED 173 174 141
ED 174 175 84
ED 175 176 92
ED 176 177 139
ED 177 178 70
ED 178 179 177
ED 179 180 28
ED 180 181 167
ED 181 182 61
ED 182 183 96
ED 183 184 160
ED 184 185 38
ED 185 186 127
ED 186 187 87
ED 187 188 164
ED 188 189 78
ED 189 190 77
ED 190 191 98
ED 191 192 116
ED 192 193 154
ED 193 194 91
ED 194 195 94
ED 195 196 79
ED 196 197 93
ED 197 198 154
ED 198 199 97
ED 199 200 83
ED 200 201 135
ED 201 202 91
ED 202 203 146
ED 203 204 118
ED 204 205 67
ED 205 206 131
ED 206 207 110
ED 207 208 67
ED 208 209 96
ED 209 210 114
ED 210 211 102
ED 211 212 168
ED 212 213 61
ED 213 214 122
ED 214 215 63
ED 215 216 97
ED 216 217 132
ED 217 218 94
ED 218 219 99
ED 219 220 97
ED 220 221 138
ED 221 222 106
ED 222 223 95
ED 223 224 43
ED 224 225 123
ED 225 226 151
ED 226 227 62
ED 227 228 93
ED 228 229 151
ED 229 230 111
ED 230 231 87
ED 231 232 135
ED 232 233 113
ED 233 234 82
ED 234 235 168
ED 235 236 107
ED 236 237 51
ED 237 238 106
ED 238 239 102
ED 239 240 150
ED 240 241 85
ED 241 242 78
ED 242 243 80
ED 243 244 117
ED 244 245 114
ED 245 246 120
ED 246 247 74
ED 247 248 124
ED 248 249 84
ED 249 250 150
ED 250 251 65
ED 251 252 118
ED 252 253 117
ED 253 254 101
ED 254 255 118
ED 255 256 136
ED 256 257 82
ED 257 258 93
ED 258 259 147
ED 259 260 82
ED 260 261 67
ED 261 262 180
ED 262 263 57
ED 263 264 115
ED 264 265 98
ED 265 266 101
ED 266 267 81
ED 267 268 125
ED 268 269 115
ED 269 270 154
ED 270 271 76
ED 271 272 124
ED 272 273 149
ED 273 274 79
ED 274 275 74
ED 275 276 156
ED 276 277 52
ED 277 278 117
ED 278 279 136
ED 279 280 75
ED 280 281 96
ED 281 282 79
ED 282 283 147
ED 283 284 129
ED 284 285 75
ED 285 286 88
ED 286 287 132
ED 287 288 90
ED 288 289 109
ED 289 290 61
ED 290 291 134
ED 291 292 132
ED 292 293 104
ED 293 294 129
ED 294 295 37
ED 295 296 155
ED 296 297 65
ED 297 298 117
ED 298 299 156
ED 299 300 83
ED 300 301 133
ED 301 302 114
ED 302 303 92
ED 303 304 111
ED 304 305 118
ED 305 306 89
ED 306 307 90
ED 307 308 127
ED 308 309 106
ED 309 310 119
ED 310 311 68
ED 311 312 135
ED 312 313 111
ED 313 314 51
ED 314 315 162
ED 315 316 110
ED 316 317 53
ED 317 318 133
ED 318 319 109
ED 319 320 97
ED 320 321 143
ED 321 322 102
ED 322 323 100
ED 323 324 92
ED 324 325 75
ED 325 326 115
ED 326 327 68
ED 327 328 156
ED 328 329 116
ED 329 330 55
ED 330 331 98
ED 331 332 158
ED 332 333 83
ED 333 334 43
ED 334 335 143
ED 335 336 120
ED 336 337 96
ED 337 338 106
ED 338 339 95
ED 339 340 165
ED 340 341 40
ED 341 342 142
ED 342 343 52
ED 343 344 149
ED 344 345 75
ED 345 346 95
ED 346 347 114
ED 347 348 82
ED 348 349 123
ED 349 350 158
ED 350 351 106
ED 351 352 45
ED 352 353 166
ED 353 354 94
ED 354 355 109
ED 355 356 84
ED 356 357 73
ED 357 358 134
ED 358 359 99
ED 359 360 122
ED 360 361 74
ED 361 362 109
ED 362 363 129
ED 363 364 102
ED 364 365 66
ED 365 366 177
ED 366 367 79
ED 367 368 104
ED 368 369 113
ED 369 370 89
ED 370 371 137
ED 371 372 139
ED 372 373 83
ED 373 374 50
ED 374 375 174
ED 375 376 64
ED 376 377 135
ED 377 378 121
ED 378 379 49
ED 379 380 136
ED 380 381 145
ED 381 382 67
ED 382 383 141
ED 383 384 72
ED 384 385 72
ED 385 386 110
ED 386 387 165
ED 387 388 96
ED 388 389 126
ED 389 390 97
ED 390 391 87
ED 391 392 81
ED 392 393 156
ED 393 394 72
ED 394 395 143
ED 395 396 126
ED 396 397 91
ED 397 398 77
ED 398 399 100
DM 1 397 1000 
DM 2 24 1000 
ID 1 15 61 
SD 1 28
OD 1 307
