VC 400
EC 760
DMC 2
IC 1
SC 1
OC 1
NL 0
QN 1
ED 0 20 22
ED 0 1 66
ED 1 21 57
ED 1 2 62
ED 2 22 49
ED 2 3 43
ED 3 23 66
ED 3 4 24
ED 4 24 32
ED 4 5 56
ED 5 25 53
ED 5 6 38
ED 6 26 34
ED 6 7 60
ED 7 27 52
ED 7 8 47
ED 8 28 50
ED 8 9 37
ED 9 29 45
ED 9 10 48
ED 10 30 74
ED 10 11 90
ED 11 31 81
ED 11 12 28
ED 12 32 45
ED 12 13 32
ED 13 33 29
ED 13 14 8
ED 14 34 35
ED 14 15 53
ED 15 35 51
ED 15 16 34
ED 16 36 37
ED 16 17 36
ED 17 37 53
ED 17 18 46
ED 18 38 31
ED 18 19 57
ED 19 39 9
ED 20 40 31
ED 20 21 26
ED 21 41 39
ED 21 22 46
ED 22 42 51
ED 22 23 57
ED 23 43 64
ED 23 24 74
ED 24 44 43
ED 24 25 48
ED 25 45 42
ED 25 26 59
ED 26 46 65
ED 26 27 44
ED 27 47 43
ED 27 28 46
ED 28 48 30
ED 28 29 40
ED 29 49 48
ED 29 30 66
ED 30 50 25
ED 30 31 65
ED 31 51 43
ED 31 32 16
ED 32 52 28
ED 32 33 53
ED 33 53 38
ED 33 34 19
ED 34 54 35
ED 34 35 30
ED 35 55 45
ED 35 36 51
ED 36 56 32
ED 36 37 31
ED 37 57 32
ED 37 38 24
ED 38 58 65
ED 38 39 46
ED 39 59 74
ED 40 60 36
ED 40 41 49
ED 41 61 42
ED 41 42 51
ED 42 62 58
ED 42 43 58
ED 43 63 95
ED 43 44 29
ED 44 64 26
ED 44 45 26
ED 45 65 28
ED 45 46 47
ED 46 66 42
ED 46 47 71
ED 47 67 9
ED 47 48 46
ED 48 68 36
ED 48 49 14
ED 49 69 18
ED 49 50 39
ED 50 70 12
ED 50 51 15
ED 51 71 43
ED 51 52 38
ED 52 72 33
ED 52 53 34
ED 53 73 42
ED 53 54 12
ED 54 74 24
ED 54 55 36
ED 55 75 27
ED 55 56 31
ED 56 76 28
ED 56 57 31
ED 57 77 83
ED 57 58 27
ED 58 78 39
ED 58 59 58
ED 59 79 39
ED 60 80 49
ED 60 61 19
ED 61 81 43
ED 61 62 12
ED 62 82 53
ED 62 63 85
ED 63 83 59
ED 63 64 64
ED 64 84 41
ED 64 65 15
ED 65 85 23
ED 65 66 46
ED 66 86 41
ED 66 67 92
ED 67 87 47
ED 67 68 68
ED 68 88 84
ED 68 69 27
ED 69 89 34
ED 69 70 19
ED 70 90 49
ED 70 71 45
ED 71 91 37
ED 71 72 32
ED 72 92 27
ED 72 73 63
ED 73 93 56
ED 73 74 25
ED 74 94 66
ED 74 75 35
ED 75 95 38
ED 75 76 30
ED 76 96 28
ED 76 77 76
ED 77 97 44
ED 77 78 59
ED 78 98 17
ED 78 79 33
ED 79 99 58
ED 80 100 69
ED 80 81 39
ED 81 101 6
ED 81 82 5
ED 82 102 41
ED 82 83 26
ED 83 103 23
ED 83 84 48
ED 84 104 22
ED 84 85 30
ED 85 105 27
ED 85 86 30
ED 86 106 45
ED 86 87 33
ED 87 107 24
ED 87 88 36
ED 88 108 65
ED 88 89 74
ED 89 109 26
ED 89 90 70
ED 90 110 56
ED 90 91 64
ED 91 111 30
ED 91 92 69
ED 92 112 68
ED 92 93 60
ED 93 113 90
ED 93 94 85
ED 94 114 37
ED 94 95 54
ED 95 115 25
ED 95 96 17
ED 96 116 24
ED 96 97 47
ED 97 117 33
ED 97 98 67
ED 98 118 37
ED 98 99 41
ED 99 119 55
ED 100 120 42
ED 100 101 37
ED 101 121 43
ED 101 102 30
ED 102 122 6
ED 102 103 36
ED 103 123 65
ED 103 104 43
ED 104 124 44
ED 104 105 57
ED 105 125 15
ED 105 106 9
ED 106 126 41
ED 106 107 14
ED 107 127 59
ED 107 108 41
ED 108 128 17
ED 108 109 23
ED 109 129 21
ED 109 110 11
ED 110 130 15
ED 110 111 7
ED 111 131 46
ED 111 112 43
ED 112 132 67
ED 112 113 13
ED 113 133 60
ED 113 114 42
ED 114 134 22
ED 114 115 38
ED 115 135 53
ED 115 116 51
ED 116 136 52
ED 116 117 6
ED 117 137 5
ED 117 118 44
ED 118 138 57
ED 118 119 6
ED 119 139 9
ED 120 140 21
ED 120 121 49
ED 121 141 26
ED 121 122 60
ED 122 142 59
ED 122 123 61
ED 123 143 49
ED 123 124 34
ED 124 144 65
ED 124 125 31
ED 125 145 29
ED 125 126 54
ED 126 146 35
ED 126 127 19
ED 127 147 2
ED 127 128 14
ED 128 148 42
ED 128 129 50
ED 129 149 28
ED 129 130 19
ED 130 150 32
ED 130 131 68
ED 131 151 73
ED 131 132 12
ED 132 152 21
ED 132 133 30
ED 133 153 26
ED 133 134 24
ED 134 154 19
ED 134 135 38
ED 135 155 43
ED 135 136 54
ED 136 156 33
ED 136 137 47
ED 137 157 34
ED 137 138 24
ED 138 158 68
ED 138 139 65
ED 139 159 15
ED 140 160 49
ED 140 141 37
ED 141 161 9
ED 141 142 23
ED 142 162 69
ED 142 143 20
ED 143 163 30
ED 143 144 38
ED 144 164 49
ED 144 145 31
ED 145 165 9
ED 145 146 20
ED 146 166 34
ED 146 147 49
ED 147 167 28
ED 147 148 58
ED 148 168 68
ED 148 149 21
ED 149 169 45
ED 149 150 25
ED 150 170 14
ED 150 151 24
ED 151 171 47
ED 151 152 60
ED 152 172 62
ED 152 153 39
ED 153 173 36
ED 153 154 34
ED 154 174 33
ED 154 155 24
ED 155 175 43
ED 155 156 42
ED 156 176 69
ED 156 157 43
ED 157 177 33
ED 157 158 39
ED 158 178 49
ED 158 159 16
ED 159 179 44
ED 160 180 15
ED 160 161 41
ED 161 181 19
ED 161 162 56
ED 162 182 53
ED 162 163 63
ED 163 183 64
ED 163 164 21
ED 164 184 23
ED 164 165 67
ED 165 185 25
ED 165 166 21
ED 166 186 34
ED 166 167 10
ED 167 187 37
ED 167 168 47
ED 168 188 44
ED 168 169 18
ED 169 189 41
ED 169 170 24
ED 170 190 53
ED 170 171 47
ED 171 191 53
ED 171 172 43
ED 172 192 25
ED 172 173 67
ED 173 193 62
ED 173 174 67
ED 174 194 71
ED 174 175 43
ED 175 195 38
ED 175 176 29
ED 176 196 63
ED 176 177 45
ED 177 197 53
ED 177 178 43
ED 178 198 33
ED 178 179 67
ED 179 199 54
ED 180 200 47
ED 180 181 10
ED 181 201 41
ED 181 182 22
ED 182 202 24
ED 182 183 55
ED 183 203 81
ED 183 184 56
ED 184 204 48
ED 184 185 82
ED 185 205 32
ED 185 186 68
ED 186 206 47
ED 186 187 47
ED 187 207 64
ED 187 188 66
ED 188 208 10
ED 188 189 44
ED 189 209 73
ED 189 190 73
ED 190 210 48
ED 190 191 51
ED 191 211 7
ED 191 192 55
ED 192 212 43
ED 192 193 33
ED 193 213 64
ED 193 194 29
ED 194 214 23
ED 194 195 66
ED 195 215 64
ED 195 196 10
ED 196 216 54
ED 196 197 33
ED 197 217 58
ED 197 198 31
ED 198 218 40
ED 198 199 30
ED 199 219 42
ED 200 220 18
ED 200 201 66
ED 201 221 39
ED 201 202 16
ED 202 222 43
ED 202 203 46
ED 203 223 52
ED 203 204 18
ED 204 224 31
ED 204 205 25
ED 205 225 10
ED 205 206 11
ED 206 226 37
ED 206 207 43
ED 207 227 37
ED 207 208 21
ED 208 228 26
ED 208 209 37
ED 209 229 68
ED 209 210 71
ED 210 230 63
ED 210 211 10
ED 211 231 61
ED 211 212 10
ED 212 232 56
ED 212 213 67
ED 213 233 57
ED 213 214 64
ED 214 234 57
ED 214 215 37
ED 215 235 42
ED 215 216 21
ED 216 236 46
ED 216 217 22
ED 217 237 11
ED 217 218 68
ED 218 238 70
ED 218 219 72
ED 219 239 46
ED 220 240 20
ED 220 221 60
ED 221 241 55
ED 221 222 64
ED 222 242 39
ED 222 223 45
ED 223 243 2
ED 223 224 24
ED 224 244 40
ED 224 225 24
ED 225 245 32
ED 225 226 34
ED 226 246 40
ED 226 227 35
ED 227 247 50
ED 227 228 32
ED 228 248 55
ED 228 229 45
ED 229 249 52
ED 229 230 62
ED 230 250 65
ED 230 231 51
ED 231 251 40
ED 231 232 18
ED 232 252 48
ED 232 233 61
ED 233 253 62
ED 233 234 53
ED 234 254 20
ED 234 235 34
ED 235 255 33
ED 235 236 30
ED 236 256 66
ED 236 237 26
ED 237 257 47
ED 237 238 25
ED 238 258 42
ED 238 239 22
ED 239 259 57
ED 240 260 28
ED 240 241 46
ED 241 261 30
ED 241 242 71
ED 242 262 15
ED 242 243 58
ED 243 263 38
ED 243 244 50
ED 244 264 32
ED 244 245 28
ED 245 265 74
ED 245 246 74
ED 246 266 54
ED 246 247 6
ED 247 267 59
ED 247 248 10
ED 248 268 15
ED 248 249 20
ED 249 269 46
ED 249 250 71
ED 250 270 70
ED 250 251 39
ED 251 271 44
ED 251 252 11
ED 252 272 29
ED 252 253 73
ED 253 273 14
ED 253 254 49
ED 254 274 57
ED 254 255 50
ED 255 275 9
ED 255 256 68
ED 256 276 29
ED 256 257 28
ED 257 277 29
ED 257 258 8
ED 258 278 29
ED 258 259 25
ED 259 279 17
ED 260 280 69
ED 260 261 34
ED 261 281 30
ED 261 262 31
ED 262 282 20
ED 262 263 26
ED 263 283 37
ED 263 264 12
ED 264 284 32
ED 264 265 33
ED 265 285 24
ED 265 266 57
ED 266 286 32
ED 266 267 32
ED 267 287 67
ED 267 268 59
ED 268 288 6
ED 268 269 49
ED 269 289 37
ED 269 270 25
ED 270 290 60
ED 270 271 30
ED 271 291 63
ED 271 272 38
ED 272 292 10
ED 272 273 64
ED 273 293 41
ED 273 274 71
ED 274 294 30
ED 274 275 17
ED 275 295 37
ED 275 276 33
ED 276 296 53
ED 276 277 17
ED 277 297 64
ED 277 278 61
ED 278 298 51
ED 278 279 23
ED 279 299 21
ED 280 300 33
ED 280 281 40
ED 281 301 1
ED 281 282 29
ED 282 302 72
ED 282 283 33
ED 283 303 29
ED 283 284 57
ED 284 304 32
ED 284 285 41
ED 285 305 27
ED 285 286 16
ED 286 306 27
ED 286 287 39
ED 287 307 57
ED 287 288 13
ED 288 308 15
ED 288 289 42
ED 289 309 48
ED 289 290 14
ED 290 310 24
ED 290 291 31
ED 291 311 23
ED 291 292 24
ED 292 312 19
ED 292 293 73
ED 293 313 12
ED 293 294 27
ED 294 314 25
ED 294 295 26
ED 295 315 62
ED 295 296 55
ED 296 316 28
ED 296 297 19
ED 297 317 39
ED 297 298 60
ED 298 318 24
ED 298 299 50
ED 299 319 67
ED 300 320 36
ED 300 301 43
ED 301 321 66
ED 301 302 41
ED 302 322 37
ED 302 303 78
ED 303 323 77
ED 303 304 53
ED 304 324 33
ED 304 305 45
ED 305 325 86
ED 305 306 42
ED 306 326 33
ED 306 307 40
ED 307 327 17
ED 307 308 61
ED 308 328 72
ED 308 309 71
ED 309 329 77
ED 309 310 16
ED 310 330 43
ED 310 311 43
ED 311 331 28
ED 311 312 33
ED 312 332 58
ED 312 313 45
ED 313 333 66
ED 313 314 21
ED 314 334 20
ED 314 315 68
ED 315 335 60
ED 315 316 26
ED 316 336 65
ED 316 317 18
ED 317 337 15
ED 317 318 15
ED 318 338 23
ED 318 319 35
ED 319 339 5
ED 320 340 37
ED 320 321 59
ED 321 341 61
ED 321 322 91
ED 322 342 55
ED 322 323 27
ED 323 343 28
ED 323 324 27
ED 324 344 56
ED 324 325 44
ED 325 345 65
ED 325 326 41
ED 326 346 32
ED 326 327 35
ED 327 347 68
ED 327 328 59
ED 328 348 84
ED 328 329 77
ED 329 349 26
ED 329 330 38
ED 330 350 59
ED 330 331 5
ED 331 351 68
ED 331 332 55
ED 332 352 10
ED 332 333 81
ED 333 353 45
ED 333 334 64
ED 334 354 8
ED 334 335 68
ED 335 355 28
ED 335 336 63
ED 336 356 44
ED 336 337 62
ED 337 357 30
ED 337 338 54
ED 338 358 60
ED 338 339 33
ED 339 359 43
ED 340 360 22
ED 340 341 35
ED 341 361 60
ED 341 342 41
ED 342 362 48
ED 342 343 26
ED 343 363 14
ED 343 344 57
ED 344 364 15
ED 344 345 33
ED 345 365 11
ED 345 346 15
ED 346 366 16
ED 346 347 9
ED 347 367 58
ED 347 348 39
ED 348 368 45
ED 348 349 22
ED 349 369 18
ED 349 350 68
ED 350 370 55
ED 350 351 51
ED 351 371 59
ED 351 352 62
ED 352 372 46
ED 352 353 29
ED 353 373 17
ED 353 354 38
ED 354 374 89
ED 354 355 90
ED 355 375 39
ED 355 356 52
ED 356 376 61
ED 356 357 48
ED 357 377 15
ED 357 358 18
ED 358 378 78
ED 358 359 40
ED 359 379 21
ED 360 380 48
ED 360 361 89
ED 361 381 17
ED 361 362 46
ED 362 382 50
ED 362 363 21
ED 363 383 50
ED 363 364 29
ED 364 384 58
ED 364 365 33
ED 365 385 10
ED 365 366 9
ED 366 386 34
ED 366 367 45
ED 367 387 79
ED 367 368 31
ED 368 388 7
ED 368 369 41
ED 369 389 18
ED 369 370 20
ED 370 390 54
ED 370 371 26
ED 371 391 37
ED 371 372 60
ED 372 392 48
ED 372 373 45
ED 373 393 39
ED 373 374 53
ED 374 394 70
ED 374 375 39
ED 375 395 34
ED 375 376 36
ED 376 396 58
ED 376 377 4
ED 377 397 23
ED 377 378 71
ED 378 398 32
ED 378 379 62
ED 379 399 30
ED 380 381 65
ED 381 382 72
ED 382 383 6
ED 383 384 38
ED 384 385 52
ED 385 386 20
ED 386 387 59
ED 387 388 70
ED 388 389 32
ED 389 390 44
ED 390 391 13
ED 391 392 23
ED 392 393 19
ED 393 394 44
ED 394 395 29
ED 395 396 50
ED 396 397 36
ED 397 398 20
ED 398 399 69
DM 1 233 1000 
DM 2 392 1000 
ID 1 52 59 
SD 1 238
OD 1 342
