VC 100
EC 261
DMC 3
IC 1
SC 1
OC 1
NL 0
QN 1
ED 0 10 198
ED 0 1 251
ED 1 11 170
ED 1 2 204
ED 1 10 162
ED 2 12 210
ED 2 3 230
ED 3 13 236
ED 3 4 186
ED 3 12 176
ED 4 14 203
ED 4 5 248
ED 5 15 225
ED 5 6 180
ED 5 14 131
ED 6 16 153
ED 6 7 184
ED 7 17 172
ED 7 8 255
ED 7 16 146
ED 8 18 191
ED 8 9 219
ED 9 19 171
ED 9 18 189
ED 10 20 227
ED 10 11 191
ED 11 21 189
ED 11 12 211
ED 11 20 187
ED 12 22 175
ED 12 13 196
ED 12 1 176
ED 13 23 134
ED 13 14 289
ED 13 22 151
ED 14 24 249
ED 14 15 214
ED 14 3 153
ED 15 25 191
ED 15 16 225
ED 15 24 127
ED 16 26 248
ED 16 17 265
ED 16 5 107
ED 17 27 241
ED 17 18 160
ED 17 26 231
ED 18 28 159
ED 18 19 235
ED 18 7 187
ED 19 29 211
ED 19 28 145
ED 20 30 154
ED 20 21 222
ED 21 31 212
ED 21 22 156
ED 21 30 228
ED 22 32 181
ED 22 23 192
ED 22 11 157
ED 23 33 219
ED 23 24 222
ED 23 32 157
ED 24 34 170
ED 24 25 178
ED 24 13 202
ED 25 35 196
ED 25 26 169
ED 25 34 129
ED 26 36 170
ED 26 27 218
ED 26 15 132
ED 27 37 202
ED 27 28 289
ED 27 36 85
ED 28 38 256
ED 28 29 234
ED 28 17 166
ED 29 39 158
ED 29 38 142
ED 30 40 219
ED 30 31 239
ED 31 41 259
ED 31 32 197
ED 31 40 160
ED 32 42 226
ED 32 33 211
ED 32 21 117
ED 33 43 249
ED 33 34 258
ED 33 42 147
ED 34 44 258
ED 34 35 188
ED 34 23 219
ED 35 45 234
ED 35 36 263
ED 35 44 197
ED 36 46 275
ED 36 37 231
ED 36 25 182
ED 37 47 163
ED 37 38 216
ED 37 46 179
ED 38 48 198
ED 38 39 133
ED 38 27 221
ED 39 49 189
ED 39 48 191
ED 40 50 187
ED 40 41 218
ED 41 51 152
ED 41 42 244
ED 41 50 98
ED 42 52 177
ED 42 43 242
ED 42 31 151
ED 43 53 197
ED 43 44 191
ED 43 52 126
ED 44 54 142
ED 44 45 212
ED 44 33 187
ED 45 55 162
ED 45 46 224
ED 45 54 154
ED 46 56 178
ED 46 47 142
ED 46 35 192
ED 47 57 209
ED 47 48 173
ED 47 56 148
ED 48 58 173
ED 48 49 204
ED 48 37 103
ED 49 59 233
ED 49 58 135
ED 50 60 261
ED 50 51 187
ED 51 61 240
ED 51 52 241
ED 51 60 141
ED 52 62 263
ED 52 53 231
ED 52 41 194
ED 53 63 157
ED 53 54 250
ED 53 62 104
ED 54 64 207
ED 54 55 250
ED 54 43 137
ED 55 65 229
ED 55 56 183
ED 55 64 152
ED 56 66 166
ED 56 57 165
ED 56 45 193
ED 57 67 243
ED 57 58 234
ED 57 66 170
ED 58 68 211
ED 58 59 216
ED 58 47 196
ED 59 69 217
ED 59 68 189
ED 60 70 199
ED 60 61 173
ED 61 71 178
ED 61 62 223
ED 61 70 135
ED 62 72 188
ED 62 63 166
ED 62 51 225
ED 63 73 225
ED 63 64 218
ED 63 72 195
ED 64 74 256
ED 64 65 194
ED 64 53 213
ED 65 75 169
ED 65 66 240
ED 65 74 123
ED 66 76 243
ED 66 67 238
ED 66 55 119
ED 67 77 138
ED 67 68 237
ED 67 76 146
ED 68 78 252
ED 68 69 249
ED 68 57 126
ED 69 79 201
ED 69 78 115
ED 70 80 190
ED 70 71 136
ED 71 81 243
ED 71 72 216
ED 71 80 145
ED 72 82 190
ED 72 73 216
ED 72 61 150
ED 73 83 202
ED 73 74 196
ED 73 82 179
ED 74 84 153
ED 74 75 152
ED 74 63 193
ED 75 85 253
ED 75 76 172
ED 75 84 148
ED 76 86 171
ED 76 77 186
ED 76 65 190
ED 77 87 262
ED 77 78 191
ED 77 86 168
ED 78 88 215
ED 78 79 162
ED 78 67 207
ED 79 89 150
ED 79 88 109
ED 80 90 145
ED 80 81 213
ED 81 91 164
ED 81 82 241
ED 81 90 114
ED 82 92 198
ED 82 83 200
ED 82 71 187
ED 83 93 216
ED 83 84 246
ED 83 92 130
ED 84 94 179
ED 84 85 236
ED 84 73 161
ED 85 95 141
ED 85 86 234
ED 85 94 149
ED 86 96 249
ED 86 87 228
ED 86 75 183
ED 87 97 201
ED 87 88 209
ED 87 96 205
ED 88 98 190
ED 88 89 135
ED 88 77 210
ED 89 99 268
ED 89 98 157
ED 90 91 244
ED 91 92 184
ED 92 93 224
ED 92 81 184
ED 93 94 243
ED 94 95 207
ED 94 83 186
ED 95 96 135
ED 96 97 234
ED 96 85 129
ED 97 98 218
ED 98 99 177
ED 98 87 175
DM 1 40 1000 
DM 2 20 1000 
DM 3 52 1000 
ID 1 67 8 
SD 1 77
OD 1 18
