VC 100
EC 99
DMC 2
IC 1
SC 1
OC 1
NL 0
QN 1
ED 0 1 105
ED 1 2 90
ED 2 3 114
ED 3 4 144
ED 4 5 123
ED 5 6 92
ED 6 7 120
ED 7 8 106
ED 8 9 103
ED 9 10 102
ED 10 11 113
ED 11 12 97
ED 12 13 147
ED 13 14 100
ED 14 15 69
ED 15 16 134
ED 16 17 58
ED 17 18 159
ED 18 19 94
ED 19 20 53
ED 20 21 126
ED 21 22 105
ED 22 23 93
ED 23 24 169
ED 24 25 85
ED 25 26 102
ED 26 27 96
ED 27 28 62
ED 28 29 163
ED 29 30 51
ED 30 31 86
ED 31 32 174
ED 32 33 77
ED 33 34 110
ED 34 35 96
ED 35 36 80
ED 36 37 175
ED 37 38 74
ED 38 39 78
ED 39 40 132
ED 40 41 120
ED 41 42 149
ED 42 43 76
ED 43 44 86
ED 44 45 102
ED 45 46 108
ED 46 47 155
ED 47 48 102
ED 48 49 93
ED 49 50 125
ED 50 51 82
ED 51 52 114
ED 52 53 94
ED 53 54 101
ED 54 55 80
ED 55 56 156
ED 56 57 81
ED 57 58 61
ED 58 59 167
ED 59 60 58
ED 60 61 74
ED 61 62 151
ED 62 63 70
ED 63 64 152
ED 64 65 70
ED 65 66 128
ED 66 67 48
ED 67 68 176
ED 68 69 45
ED 69 70 111
ED 70 71 102
ED 71 72 96
ED 72 73 107
ED 73 74 122
ED 74 75 95
ED 75 76 120
ED 76 77 105
ED 77 78 104
ED 78 79 81
ED 79 80 155
ED 80 81 40
ED 81 82 158
ED 82 83 132
ED 83 84 107
ED 84 85 44
ED 85 86 122
ED 86 87 150
ED 87 88 82
ED 88 89 80
ED 89 90 144
ED 90 91 64
ED 91 92 113
ED 92 93 87
ED 93 94 84
ED 94 95 161
ED 95 96 60
ED 96 97 105
ED 97 98 71
ED 98 99 106
DM 1 91 1000 
DM 2 47 1000 
ID 1 86 68 
SD 1 64
OD 1 52
