VC 25
EC 56
DMC 6
IC 1
SC 1
OC 1
NL 0
QN 1
ED 0 5 237
ED 0 1 234
ED 1 6 249
ED 1 2 179
ED 1 5 180
ED 2 7 269
ED 2 3 282
ED 3 8 217
ED 3 4 212
ED 3 7 183
ED 4 9 217
ED 5 10 200
ED 5 6 185
ED 6 11 156
ED 6 7 207
ED 6 10 182
ED 7 12 138
ED 7 8 207
ED 7 1 182
ED 8 13 138
ED 8 9 235
ED 8 12 175
ED 9 14 233
ED 9 3 119
ED 10 15 148
ED 10 11 234
ED 11 16 266
ED 11 12 174
ED 11 15 216
ED 12 17 212
ED 12 13 240
ED 12 6 136
ED 13 18 225
ED 13 14 194
ED 13 17 213
ED 14 19 186
ED 14 8 187
ED 15 20 241
ED 15 16 279
ED 16 21 197
ED 16 17 230
ED 16 20 175
ED 17 22 241
ED 17 18 220
ED 17 11 109
ED 18 23 196
ED 18 19 222
ED 18 22 134
ED 19 24 192
ED 19 13 154
ED 20 21 249
ED 21 22 226
ED 22 23 173
ED 22 16 173
ED 23 24 201
ED 24 18 176
DM 1 22 1000 
DM 2 24 1000 
DM 3 17 1000 
DM 4 10 1000 
DM 5 19 1000 
DM 6 14 1000 
ID 1 90 44 
SD 1 12
OD 1 6
