VC 400
EC 1121
DMC 7
IC 1
SC 1
OC 1
NL 0
QN 1
ED 0 20 209
ED 0 1 262
ED 1 21 147
ED 1 2 191
ED 1 20 143
ED 2 22 221
ED 2 3 247
ED 3 23 226
ED 3 4 166
ED 3 22 221
ED 4 24 204
ED 4 5 206
ED 5 25 179
ED 5 6 236
ED 5 24 186
ED 6 26 215
ED 6 7 254
ED 7 27 216
ED 7 8 162
ED 7 26 187
ED 8 28 177
ED 8 9 237
ED 9 29 174
ED 9 10 203
ED 9 28 134
ED 10 30 155
ED 10 11 209
ED 11 31 166
ED 11 12 224
ED 11 30 143
ED 12 32 155
ED 12 13 161
ED 13 33 217
ED 13 14 198
ED 13 32 148
ED 14 34 160
ED 14 15 157
ED 15 35 187
ED 15 16 239
ED 15 34 139
ED 16 36 210
ED 16 17 206
ED 17 37 184
ED 17 18 215
ED 17 36 200
ED 18 38 253
ED 18 19 244
ED 19 39 191
ED 19 38 171
ED 20 40 219
ED 20 21 165
ED 21 41 242
ED 21 22 154
ED 21 40 179
ED 22 42 199
ED 22 23 231
ED 22 1 121
ED 23 43 161
ED 23 24 174
ED 23 42 168
ED 24 44 193
ED 24 25 162
ED 24 3 152
ED 25 45 179
ED 25 26 254
ED 25 44 127
ED 26 46 246
ED 26 27 195
ED 26 5 128
ED 27 47 236
ED 27 28 239
ED 27 46 158
ED 28 48 188
ED 28 29 228
ED 28 7 164
ED 29 49 228
ED 29 30 213
ED 29 48 146
ED 30 50 175
ED 30 31 188
ED 30 9 150
ED 31 51 239
ED 31 32 249
ED 31 50 115
ED 32 52 192
ED 32 33 237
ED 32 11 158
ED 33 53 228
ED 33 34 185
ED 33 52 222
ED 34 54 225
ED 34 35 222
ED 34 13 163
ED 35 55 207
ED 35 36 140
ED 35 54 225
ED 36 56 176
ED 36 37 229
ED 36 15 160
ED 37 57 196
ED 37 38 195
ED 37 56 128
ED 38 58 200
ED 38 39 173
ED 38 17 155
ED 39 59 183
ED 39 58 151
ED 40 60 237
ED 40 41 230
ED 41 61 215
ED 41 42 174
ED 41 60 238
ED 42 62 176
ED 42 43 162
ED 42 21 189
ED 43 63 235
ED 43 44 199
ED 43 62 123
ED 44 64 178
ED 44 45 156
ED 44 23 165
ED 45 65 252
ED 45 46 200
ED 45 64 134
ED 46 66 147
ED 46 47 205
ED 46 25 207
ED 47 67 151
ED 47 48 248
ED 47 66 172
ED 48 68 267
ED 48 49 264
ED 48 27 201
ED 49 69 186
ED 49 50 251
ED 49 68 163
ED 50 70 245
ED 50 51 258
ED 50 29 134
ED 51 71 141
ED 51 52 245
ED 51 70 122
ED 52 72 244
ED 52 53 278
ED 52 31 155
ED 53 73 217
ED 53 54 181
ED 53 72 216
ED 54 74 239
ED 54 55 203
ED 54 33 104
ED 55 75 201
ED 55 56 232
ED 55 74 195
ED 56 76 240
ED 56 57 219
ED 56 35 160
ED 57 77 181
ED 57 58 197
ED 57 76 194
ED 58 78 158
ED 58 59 158
ED 58 37 193
ED 59 79 216
ED 59 78 195
ED 60 80 124
ED 60 61 243
ED 61 81 166
ED 61 62 226
ED 61 80 218
ED 62 82 202
ED 62 63 192
ED 62 41 151
ED 63 83 209
ED 63 64 239
ED 63 82 152
ED 64 84 217
ED 64 65 189
ED 64 43 218
ED 65 85 145
ED 65 66 274
ED 65 84 131
ED 66 86 192
ED 66 67 219
ED 66 45 159
ED 67 87 265
ED 67 68 179
ED 67 86 188
ED 68 88 184
ED 68 69 199
ED 68 47 182
ED 69 89 157
ED 69 70 222
ED 69 88 154
ED 70 90 235
ED 70 71 136
ED 70 49 150
ED 71 91 274
ED 71 72 183
ED 71 90 187
ED 72 92 221
ED 72 73 253
ED 72 51 120
ED 73 93 166
ED 73 74 186
ED 73 92 178
ED 74 94 192
ED 74 75 154
ED 74 53 138
ED 75 95 241
ED 75 76 185
ED 75 94 153
ED 76 96 212
ED 76 77 200
ED 76 55 168
ED 77 97 210
ED 77 78 192
ED 77 96 150
ED 78 98 199
ED 78 79 251
ED 78 57 114
ED 79 99 238
ED 79 98 171
ED 80 100 235
ED 80 81 274
ED 81 101 187
ED 81 82 171
ED 81 100 211
ED 82 102 210
ED 82 83 256
ED 82 61 109
ED 83 103 202
ED 83 84 171
ED 83 102 204
ED 84 104 175
ED 84 85 211
ED 84 63 169
ED 85 105 230
ED 85 86 175
ED 85 104 192
ED 86 106 252
ED 86 87 262
ED 86 65 169
ED 87 107 166
ED 87 88 244
ED 87 106 166
ED 88 108 187
ED 88 89 179
ED 88 67 201
ED 89 109 250
ED 89 90 129
ED 89 108 224
ED 90 110 150
ED 90 91 256
ED 90 69 113
ED 91 111 198
ED 91 92 187
ED 91 110 194
ED 92 112 187
ED 92 93 194
ED 92 71 208
ED 93 113 220
ED 93 94 202
ED 93 112 152
ED 94 114 176
ED 94 95 164
ED 94 73 169
ED 95 115 167
ED 95 96 238
ED 95 114 98
ED 96 116 205
ED 96 97 185
ED 96 75 222
ED 97 117 207
ED 97 98 204
ED 97 116 157
ED 98 118 261
ED 98 99 225
ED 98 77 166
ED 99 119 167
ED 99 118 135
ED 100 120 211
ED 100 101 218
ED 101 121 246
ED 101 102 157
ED 101 120 200
ED 102 122 202
ED 102 103 215
ED 102 81 119
ED 103 123 198
ED 103 104 239
ED 103 122 168
ED 104 124 191
ED 104 105 208
ED 104 83 138
ED 105 125 243
ED 105 106 164
ED 105 124 142
ED 106 126 180
ED 106 107 210
ED 106 85 141
ED 107 127 207
ED 107 108 183
ED 107 126 156
ED 108 128 226
ED 108 109 273
ED 108 87 124
ED 109 129 168
ED 109 110 222
ED 109 128 172
ED 110 130 204
ED 110 111 272
ED 110 89 123
ED 111 131 159
ED 111 112 217
ED 111 130 195
ED 112 132 175
ED 112 113 191
ED 112 91 140
ED 113 133 198
ED 113 114 250
ED 113 132 180
ED 114 134 160
ED 114 115 178
ED 114 93 198
ED 115 135 261
ED 115 116 179
ED 115 134 150
ED 116 136 175
ED 116 117 180
ED 116 95 218
ED 117 137 211
ED 117 118 163
ED 117 136 167
ED 118 138 175
ED 118 119 205
ED 118 97 170
ED 119 139 187
ED 119 138 195
ED 120 140 220
ED 120 121 232
ED 121 141 165
ED 121 122 184
ED 121 140 213
ED 122 142 189
ED 122 123 228
ED 122 101 129
ED 123 143 231
ED 123 124 254
ED 123 142 112
ED 124 144 215
ED 124 125 240
ED 124 103 207
ED 125 145 194
ED 125 126 223
ED 125 144 205
ED 126 146 187
ED 126 127 192
ED 126 105 142
ED 127 147 165
ED 127 128 221
ED 127 146 105
ED 128 148 204
ED 128 129 202
ED 128 107 172
ED 129 149 191
ED 129 130 194
ED 129 148 190
ED 130 150 249
ED 130 131 258
ED 130 109 109
ED 131 151 176
ED 131 132 173
ED 131 150 191
ED 132 152 195
ED 132 133 285
ED 132 111 88
ED 133 153 223
ED 133 134 236
ED 133 152 181
ED 134 154 261
ED 134 135 257
ED 134 113 194
ED 135 155 196
ED 135 136 219
ED 135 154 175
ED 136 156 229
ED 136 137 235
ED 136 115 155
ED 137 157 182
ED 137 138 184
ED 137 156 197
ED 138 158 185
ED 138 139 192
ED 138 117 161
ED 139 159 234
ED 139 158 226
ED 140 160 190
ED 140 141 181
ED 141 161 240
ED 141 142 244
ED 141 160 134
ED 142 162 230
ED 142 143 229
ED 142 121 157
ED 143 163 185
ED 143 144 231
ED 143 162 132
ED 144 164 239
ED 144 145 254
ED 144 123 141
ED 145 165 143
ED 145 146 254
ED 145 164 161
ED 146 166 226
ED 146 147 170
ED 146 125 140
ED 147 167 210
ED 147 148 178
ED 147 166 160
ED 148 168 203
ED 148 149 185
ED 148 127 183
ED 149 169 205
ED 149 150 210
ED 149 168 155
ED 150 170 208
ED 150 151 143
ED 150 129 184
ED 151 171 221
ED 151 152 215
ED 151 170 200
ED 152 172 220
ED 152 153 235
ED 152 131 125
ED 153 173 194
ED 153 154 227
ED 153 172 124
ED 154 174 191
ED 154 155 198
ED 154 133 142
ED 155 175 147
ED 155 156 210
ED 155 174 188
ED 156 176 192
ED 156 157 204
ED 156 135 130
ED 157 177 193
ED 157 158 166
ED 157 176 200
ED 158 178 200
ED 158 159 238
ED 158 137 91
ED 159 179 165
ED 159 178 167
ED 160 180 199
ED 160 161 189
ED 161 181 155
ED 161 162 220
ED 161 180 188
ED 162 182 208
ED 162 163 222
ED 162 141 199
ED 163 183 168
ED 163 164 194
ED 163 182 151
ED 164 184 141
ED 164 165 126
ED 164 143 175
ED 165 185 216
ED 165 166 221
ED 165 184 112
ED 166 186 192
ED 166 167 160
ED 166 145 149
ED 167 187 196
ED 167 168 214
ED 167 186 169
ED 168 188 214
ED 168 169 191
ED 168 147 210
ED 169 189 243
ED 169 170 160
ED 169 188 158
ED 170 190 170
ED 170 171 176
ED 170 149 189
ED 171 191 218
ED 171 172 220
ED 171 190 138
ED 172 192 219
ED 172 173 208
ED 172 151 187
ED 173 193 163
ED 173 174 202
ED 173 192 127
ED 174 194 182
ED 174 175 225
ED 174 153 134
ED 175 195 257
ED 175 176 163
ED 175 194 187
ED 176 196 151
ED 176 177 196
ED 176 155 151
ED 177 197 188
ED 177 178 190
ED 177 196 160
ED 178 198 206
ED 178 179 180
ED 178 157 132
ED 179 199 218
ED 179 198 126
ED 180 200 235
ED 180 181 198
ED 181 201 253
ED 181 182 218
ED 181 200 188
ED 182 202 197
ED 182 183 183
ED 182 161 183
ED 183 203 193
ED 183 184 221
ED 183 202 171
ED 184 204 263
ED 184 185 201
ED 184 163 150
ED 185 205 221
ED 185 186 167
ED 185 204 178
ED 186 206 195
ED 186 187 220
ED 186 165 177
ED 187 207 260
ED 187 188 204
ED 187 206 190
ED 188 208 144
ED 188 189 162
ED 188 167 250
ED 189 209 137
ED 189 190 267
ED 189 208 149
ED 190 210 234
ED 190 191 163
ED 190 169 177
ED 191 211 219
ED 191 192 242
ED 191 210 128
ED 192 212 163
ED 192 193 207
ED 192 171 186
ED 193 213 209
ED 193 194 160
ED 193 212 230
ED 194 214 249
ED 194 195 243
ED 194 173 161
ED 195 215 199
ED 195 196 254
ED 195 214 186
ED 196 216 238
ED 196 197 230
ED 196 175 147
ED 197 217 226
ED 197 198 200
ED 197 216 206
ED 198 218 219
ED 198 199 161
ED 198 177 197
ED 199 219 256
ED 199 218 133
ED 200 220 140
ED 200 201 230
ED 201 221 157
ED 201 202 204
ED 201 220 138
ED 202 222 150
ED 202 203 165
ED 202 181 210
ED 203 223 221
ED 203 204 206
ED 203 222 122
ED 204 224 204
ED 204 205 137
ED 204 183 186
ED 205 225 183
ED 205 206 219
ED 205 224 129
ED 206 226 211
ED 206 207 244
ED 206 185 137
ED 207 227 170
ED 207 208 251
ED 207 226 164
ED 208 228 229
ED 208 209 238
ED 208 187 130
ED 209 229 238
ED 209 210 176
ED 209 228 157
ED 210 230 211
ED 210 211 157
ED 210 189 212
ED 211 231 205
ED 211 212 246
ED 211 230 176
ED 212 232 214
ED 212 213 246
ED 212 191 154
ED 213 233 186
ED 213 214 145
ED 213 232 159
ED 214 234 137
ED 214 215 194
ED 214 193 150
ED 215 235 209
ED 215 216 239
ED 215 234 106
ED 216 236 173
ED 216 217 219
ED 216 195 147
ED 217 237 218
ED 217 218 208
ED 217 236 192
ED 218 238 223
ED 218 219 207
ED 218 197 184
ED 219 239 157
ED 219 238 137
ED 220 240 225
ED 220 221 193
ED 221 241 198
ED 221 222 228
ED 221 240 163
ED 222 242 256
ED 222 223 215
ED 222 201 146
ED 223 243 175
ED 223 224 230
ED 223 242 154
ED 224 244 173
ED 224 225 146
ED 224 203 232
ED 225 245 199
ED 225 226 159
ED 225 244 215
ED 226 246 190
ED 226 227 217
ED 226 205 169
ED 227 247 198
ED 227 228 244
ED 227 246 105
ED 228 248 189
ED 228 229 180
ED 228 207 188
ED 229 249 213
ED 229 230 176
ED 229 248 127
ED 230 250 180
ED 230 231 243
ED 230 209 166
ED 231 251 189
ED 231 232 230
ED 231 250 164
ED 232 252 211
ED 232 233 185
ED 232 211 187
ED 233 253 220
ED 233 234 223
ED 233 252 188
ED 234 254 202
ED 234 235 229
ED 234 213 165
ED 235 255 176
ED 235 236 261
ED 235 254 100
ED 236 256 249
ED 236 237 226
ED 236 215 159
ED 237 257 202
ED 237 238 237
ED 237 256 140
ED 238 258 165
ED 238 239 171
ED 238 217 188
ED 239 259 205
ED 239 258 197
ED 240 260 218
ED 240 241 210
ED 241 261 242
ED 241 242 161
ED 241 260 187
ED 242 262 161
ED 242 243 177
ED 242 221 175
ED 243 263 212
ED 243 244 176
ED 243 262 134
ED 244 264 248
ED 244 245 210
ED 244 223 141
ED 245 265 199
ED 245 246 238
ED 245 264 183
ED 246 266 249
ED 246 247 205
ED 246 225 185
ED 247 267 178
ED 247 248 207
ED 247 266 204
ED 248 268 191
ED 248 249 230
ED 248 227 156
ED 249 269 204
ED 249 250 230
ED 249 268 172
ED 250 270 210
ED 250 251 197
ED 250 229 211
ED 251 271 207
ED 251 252 202
ED 251 270 142
ED 252 272 190
ED 252 253 225
ED 252 231 96
ED 253 273 234
ED 253 254 232
ED 253 272 109
ED 254 274 202
ED 254 255 231
ED 254 233 184
ED 255 275 167
ED 255 256 185
ED 255 274 194
ED 256 276 147
ED 256 257 168
ED 256 235 197
ED 257 277 210
ED 257 258 231
ED 257 276 87
ED 258 278 201
ED 258 259 242
ED 258 237 160
ED 259 279 192
ED 259 278 138
ED 260 280 181
ED 260 261 197
ED 261 281 184
ED 261 262 258
ED 261 280 126
ED 262 282 187
ED 262 263 182
ED 262 241 162
ED 263 283 229
ED 263 264 215
ED 263 282 130
ED 264 284 187
ED 264 265 172
ED 264 243 208
ED 265 285 268
ED 265 266 140
ED 265 284 212
ED 266 286 153
ED 266 267 197
ED 266 245 173
ED 267 287 228
ED 267 268 190
ED 267 286 159
ED 268 288 215
ED 268 269 276
ED 268 247 96
ED 269 289 219
ED 269 270 220
ED 269 288 135
ED 270 290 165
ED 270 271 157
ED 270 249 209
ED 271 291 159
ED 271 272 293
ED 271 290 121
ED 272 292 229
ED 272 273 231
ED 272 251 180
ED 273 293 163
ED 273 274 225
ED 273 292 126
ED 274 294 214
ED 274 275 216
ED 274 253 137
ED 275 295 224
ED 275 276 239
ED 275 294 155
ED 276 296 256
ED 276 277 230
ED 276 255 165
ED 277 297 222
ED 277 278 248
ED 277 296 161
ED 278 298 192
ED 278 279 175
ED 278 257 226
ED 279 299 180
ED 279 298 137
ED 280 300 182
ED 280 281 229
ED 281 301 182
ED 281 282 198
ED 281 300 207
ED 282 302 239
ED 282 283 273
ED 282 261 160
ED 283 303 225
ED 283 284 159
ED 283 302 228
ED 284 304 140
ED 284 285 212
ED 284 263 202
ED 285 305 138
ED 285 286 256
ED 285 304 122
ED 286 306 269
ED 286 287 237
ED 286 265 144
ED 287 307 183
ED 287 288 235
ED 287 306 218
ED 288 308 244
ED 288 289 254
ED 288 267 177
ED 289 309 157
ED 289 290 231
ED 289 308 173
ED 290 310 229
ED 290 291 184
ED 290 269 144
ED 291 311 217
ED 291 292 235
ED 291 310 171
ED 292 312 221
ED 292 293 156
ED 292 271 214
ED 293 313 235
ED 293 294 226
ED 293 312 174
ED 294 314 202
ED 294 295 225
ED 294 273 145
ED 295 315 173
ED 295 296 185
ED 295 314 169
ED 296 316 212
ED 296 297 208
ED 296 275 214
ED 297 317 158
ED 297 298 255
ED 297 316 198
ED 298 318 238
ED 298 299 222
ED 298 277 143
ED 299 319 229
ED 299 318 233
ED 300 320 255
ED 300 301 223
ED 301 321 212
ED 301 302 161
ED 301 320 169
ED 302 322 218
ED 302 303 247
ED 302 281 110
ED 303 323 169
ED 303 304 270
ED 303 322 183
ED 304 324 203
ED 304 305 195
ED 304 283 134
ED 305 325 212
ED 305 306 138
ED 305 324 144
ED 306 326 205
ED 306 307 193
ED 306 285 135
ED 307 327 246
ED 307 308 195
ED 307 326 176
ED 308 328 177
ED 308 309 201
ED 308 287 148
ED 309 329 243
ED 309 310 177
ED 309 328 176
ED 310 330 161
ED 310 311 188
ED 310 289 127
ED 311 331 241
ED 311 312 181
ED 311 330 121
ED 312 332 213
ED 312 313 257
ED 312 291 157
ED 313 333 166
ED 313 314 207
ED 313 332 174
ED 314 334 224
ED 314 315 210
ED 314 293 195
ED 315 335 250
ED 315 316 117
ED 315 334 181
ED 316 336 139
ED 316 317 242
ED 316 295 140
ED 317 337 242
ED 317 318 158
ED 317 336 174
ED 318 338 212
ED 318 319 205
ED 318 297 126
ED 319 339 243
ED 319 338 194
ED 320 340 148
ED 320 321 140
ED 321 341 189
ED 321 322 186
ED 321 340 131
ED 322 342 189
ED 322 323 181
ED 322 301 165
ED 323 343 190
ED 323 324 265
ED 323 342 128
ED 324 344 270
ED 324 325 190
ED 324 303 167
ED 325 345 208
ED 325 326 198
ED 325 344 161
ED 326 346 130
ED 326 327 183
ED 326 305 198
ED 327 347 209
ED 327 328 241
ED 327 346 140
ED 328 348 221
ED 328 329 274
ED 328 307 162
ED 329 349 196
ED 329 330 240
ED 329 348 205
ED 330 350 261
ED 330 331 247
ED 330 309 168
ED 331 351 164
ED 331 332 214
ED 331 350 211
ED 332 352 157
ED 332 333 200
ED 332 311 188
ED 333 353 231
ED 333 334 176
ED 333 352 186
ED 334 354 190
ED 334 335 225
ED 334 313 158
ED 335 355 166
ED 335 336 227
ED 335 354 152
ED 336 356 269
ED 336 337 260
ED 336 315 149
ED 337 357 171
ED 337 338 194
ED 337 356 162
ED 338 358 146
ED 338 339 225
ED 338 317 126
ED 339 359 179
ED 339 358 121
ED 340 360 197
ED 340 341 193
ED 341 361 235
ED 341 342 212
ED 341 360 122
ED 342 362 177
ED 342 343 209
ED 342 321 208
ED 343 363 260
ED 343 344 143
ED 343 362 189
ED 344 364 165
ED 344 345 193
ED 344 323 221
ED 345 365 194
ED 345 346 191
ED 345 364 169
ED 346 366 248
ED 346 347 274
ED 346 325 172
ED 347 367 204
ED 347 348 203
ED 347 366 193
ED 348 368 204
ED 348 349 222
ED 348 327 160
ED 349 369 156
ED 349 350 180
ED 349 368 172
ED 350 370 198
ED 350 351 248
ED 350 329 90
ED 351 371 195
ED 351 352 201
ED 351 370 165
ED 352 372 252
ED 352 353 241
ED 352 331 131
ED 353 373 158
ED 353 354 233
ED 353 372 145
ED 354 374 178
ED 354 355 168
ED 354 333 182
ED 355 375 211
ED 355 356 170
ED 355 374 185
ED 356 376 127
ED 356 357 175
ED 356 335 137
ED 357 377 168
ED 357 358 261
ED 357 376 120
ED 358 378 233
ED 358 359 242
ED 358 337 164
ED 359 379 152
ED 359 378 145
ED 360 380 209
ED 360 361 247
ED 361 381 173
ED 361 362 197
ED 361 380 155
ED 362 382 206
ED 362 363 204
ED 362 341 206
ED 363 383 203
ED 363 364 269
ED 363 382 146
ED 364 384 180
ED 364 365 180
ED 364 343 168
ED 365 385 185
ED 365 366 156
ED 365 384 165
ED 366 386 211
ED 366 367 211
ED 366 345 138
ED 367 387 190
ED 367 368 225
ED 367 386 130
ED 368 388 215
ED 368 369 169
ED 368 347 113
ED 369 389 194
ED 369 370 251
ED 369 388 139
ED 370 390 230
ED 370 371 132
ED 370 349 199
ED 371 391 208
ED 371 372 235
ED 371 390 171
ED 372 392 210
ED 372 373 168
ED 372 351 165
ED 373 393 215
ED 373 374 172
ED 373 392 205
ED 374 394 269
ED 374 375 269
ED 374 353 117
ED 375 395 228
ED 375 376 212
ED 375 394 237
ED 376 396 251
ED 376 377 226
ED 376 355 164
ED 377 397 249
ED 377 378 188
ED 377 396 180
ED 378 398 238
ED 378 379 182
ED 378 357 205
ED 379 399 225
ED 379 398 251
ED 380 381 195
ED 381 382 155
ED 382 383 240
ED 382 361 97
ED 383 384 259
ED 384 385 206
ED 384 363 200
ED 385 386 148
ED 386 387 211
ED 386 365 176
ED 387 388 205
ED 388 389 128
ED 388 367 203
ED 389 390 194
ED 390 391 192
ED 390 369 216
ED 391 392 168
ED 392 393 147
ED 392 371 219
ED 393 394 167
ED 394 395 217
ED 394 373 162
ED 395 396 233
ED 396 397 183
ED 396 375 170
ED 397 398 175
ED 398 399 228
ED 398 377 137
DM 1 326 1000 
DM 2 163 1000 
DM 3 305 1000 
DM 4 186 1000 
DM 5 200 1000 
DM 6 357 1000 
DM 7 289 1000 
ID 1 88 15 
SD 1 304
OD 1 86
