VC 100
EC 180
DMC 1
IC 1
SC 1
OC 1
NL 0
QN 1
ED 0 10 37
ED 0 1 65
ED 1 11 56
ED 1 2 76
ED 2 12 67
ED 2 3 27
ED 3 13 67
ED 3 4 59
ED 4 14 35
ED 4 5 29
ED 5 15 40
ED 5 6 67
ED 6 16 15
ED 6 7 18
ED 7 17 44
ED 7 8 8
ED 8 18 43
ED 8 9 27
ED 9 19 55
ED 10 20 21
ED 10 11 36
ED 11 21 26
ED 11 12 47
ED 12 22 19
ED 12 13 32
ED 13 23 69
ED 13 14 74
ED 14 24 59
ED 14 15 69
ED 15 25 29
ED 15 16 26
ED 16 26 34
ED 16 17 73
ED 17 27 66
ED 17 18 40
ED 18 28 44
ED 18 19 73
ED 19 29 66
ED 20 30 24
ED 20 21 58
ED 21 31 59
ED 21 22 41
ED 22 32 88
ED 22 23 75
ED 23 33 80
ED 23 24 74
ED 24 34 50
ED 24 25 72
ED 25 35 18
ED 25 26 39
ED 26 36 18
ED 26 27 35
ED 27 37 65
ED 27 28 82
ED 28 38 28
ED 28 29 22
ED 29 39 38
ED 30 40 25
ED 30 31 70
ED 31 41 35
ED 31 32 96
ED 32 42 25
ED 32 33 99
ED 33 43 88
ED 33 34 56
ED 34 44 48
ED 34 35 24
ED 35 45 75
ED 35 36 20
ED 36 46 13
ED 36 37 40
ED 37 47 8
ED 37 38 38
ED 38 48 67
ED 38 39 50
ED 39 49 42
ED 40 50 16
ED 40 41 33
ED 41 51 26
ED 41 42 43
ED 42 52 41
ED 42 43 8
ED 43 53 14
ED 43 44 80
ED 44 54 33
ED 44 45 64
ED 45 55 57
ED 45 46 69
ED 46 56 54
ED 46 47 61
ED 47 57 51
ED 47 48 72
ED 48 58 65
ED 48 49 62
ED 49 59 50
ED 50 60 6
ED 50 51 51
ED 51 61 44
ED 51 52 37
ED 52 62 58
ED 52 53 59
ED 53 63 63
ED 53 54 75
ED 54 64 25
ED 54 55 43
ED 55 65 61
ED 55 56 55
ED 56 66 60
ED 56 57 77
ED 57 67 49
ED 57 58 74
ED 58 68 37
ED 58 59 34
ED 59 69 43
ED 60 70 61
ED 60 61 68
ED 61 71 64
ED 61 62 22
ED 62 72 29
ED 62 63 44
ED 63 73 57
ED 63 64 23
ED 64 74 72
ED 64 65 24
ED 65 75 65
ED 65 66 40
ED 66 76 41
ED 66 67 15
ED 67 77 38
ED 67 68 3
ED 68 78 41
ED 68 69 25
ED 69 79 23
ED 70 80 72
ED 70 71 48
ED 71 81 1
ED 71 72 63
ED 72 82 67
ED 72 73 85
ED 73 83 31
ED 73 74 37
ED 74 84 40
ED 74 75 37
ED 75 85 63
ED 75 76 26
ED 76 86 25
ED 76 77 55
ED 77 87 41
ED 77 78 5
ED 78 88 42
ED 78 79 30
ED 79 89 30
ED 80 90 37
ED 80 81 36
ED 81 91 35
ED 81 82 13
ED 82 92 44
ED 82 83 17
ED 83 93 36
ED 83 84 23
ED 84 94 44
ED 84 85 70
ED 85 95 48
ED 85 86 53
ED 86 96 44
ED 86 87 15
ED 87 97 66
ED 87 88 64
ED 88 98 9
ED 88 89 28
ED 89 99 33
ED 90 91 23
ED 91 92 55
ED 92 93 40
ED 93 94 50
ED 94 95 31
ED 95 96 67
ED 96 97 10
ED 97 98 41
ED 98 99 35
DM 1 46 1000 
ID 1 55 50 
SD 1 78
OD 1 37
