VC 400
EC 1121
DMC 2
IC 1
SC 1
OC 1
NL 0
QN 1
ED 0 20 193
ED 0 1 209
ED 1 21 171
ED 1 2 251
ED 1 20 105
ED 2 22 234
ED 2 3 242
ED 3 23 173
ED 3 4 203
ED 3 22 196
ED 4 24 233
ED 4 5 167
ED 5 25 277
ED 5 6 231
ED 5 24 167
ED 6 26 170
ED 6 7 180
ED 7 27 190
ED 7 8 253
ED 7 26 104
ED 8 28 174
ED 8 9 224
ED 9 29 232
ED 9 10 222
ED 9 28 199
ED 10 30 186
ED 10 11 230
ED 11 31 163
ED 11 12 183
ED 11 30 171
ED 12 32 206
ED 12 13 173
ED 13 33 205
ED 13 14 216
ED 13 32 162
ED 14 34 199
ED 14 15 187
ED 15 35 208
ED 15 16 243
ED 15 34 146
ED 16 36 240
ED 16 17 224
ED 17 37 217
ED 17 18 234
ED 17 36 215
ED 18 38 194
ED 18 19 223
ED 19 39 170
ED 19 38 124
ED 20 40 169
ED 20 21 197
ED 21 41 244
ED 21 22 154
ED 21 40 191
ED 22 42 163
ED 22 23 194
ED 22 1 156
ED 23 43 217
ED 23 24 202
ED 23 42 176
ED 24 44 151
ED 24 25 223
ED 24 3 144
ED 25 45 179
ED 25 26 242
ED 25 44 153
ED 26 46 252
ED 26 27 203
ED 26 5 215
ED 27 47 221
ED 27 28 232
ED 27 46 146
ED 28 48 246
ED 28 29 257
ED 28 7 155
ED 29 49 153
ED 29 30 268
ED 29 48 102
ED 30 50 235
ED 30 31 239
ED 30 9 108
ED 31 51 223
ED 31 32 185
ED 31 50 170
ED 32 52 137
ED 32 33 141
ED 32 11 170
ED 33 53 257
ED 33 34 207
ED 33 52 151
ED 34 54 208
ED 34 35 191
ED 34 13 211
ED 35 55 166
ED 35 36 204
ED 35 54 140
ED 36 56 198
ED 36 37 239
ED 36 15 144
ED 37 57 145
ED 37 38 255
ED 37 56 150
ED 38 58 252
ED 38 39 193
ED 38 17 162
ED 39 59 204
ED 39 58 174
ED 40 60 274
ED 40 41 262
ED 41 61 157
ED 41 42 231
ED 41 60 115
ED 42 62 187
ED 42 43 272
ED 42 21 102
ED 43 63 168
ED 43 44 230
ED 43 62 174
ED 44 64 194
ED 44 45 176
ED 44 23 194
ED 45 65 176
ED 45 46 226
ED 45 64 90
ED 46 66 162
ED 46 47 181
ED 46 25 135
ED 47 67 191
ED 47 48 251
ED 47 66 94
ED 48 68 218
ED 48 49 171
ED 48 27 198
ED 49 69 213
ED 49 50 207
ED 49 68 153
ED 50 70 193
ED 50 51 200
ED 50 29 183
ED 51 71 187
ED 51 52 240
ED 51 70 174
ED 52 72 243
ED 52 53 256
ED 52 31 127
ED 53 73 164
ED 53 54 223
ED 53 72 114
ED 54 74 191
ED 54 55 204
ED 54 33 202
ED 55 75 229
ED 55 56 184
ED 55 74 192
ED 56 76 146
ED 56 57 138
ED 56 35 203
ED 57 77 228
ED 57 58 178
ED 57 76 108
ED 58 78 138
ED 58 59 190
ED 58 37 132
ED 59 79 187
ED 59 78 145
ED 60 80 169
ED 60 61 143
ED 61 81 189
ED 61 62 236
ED 61 80 159
ED 62 82 216
ED 62 63 222
ED 62 41 170
ED 63 83 180
ED 63 64 223
ED 63 82 174
ED 64 84 230
ED 64 65 165
ED 64 43 153
ED 65 85 232
ED 65 66 245
ED 65 84 178
ED 66 86 256
ED 66 67 189
ED 66 45 223
ED 67 87 202
ED 67 68 237
ED 67 86 174
ED 68 88 146
ED 68 69 188
ED 68 47 200
ED 69 89 193
ED 69 70 179
ED 69 88 186
ED 70 90 184
ED 70 71 264
ED 70 49 135
ED 71 91 218
ED 71 72 186
ED 71 90 159
ED 72 92 200
ED 72 73 167
ED 72 51 191
ED 73 93 211
ED 73 74 219
ED 73 92 105
ED 74 94 162
ED 74 75 222
ED 74 53 179
ED 75 95 171
ED 75 76 249
ED 75 94 161
ED 76 96 220
ED 76 77 216
ED 76 55 164
ED 77 97 174
ED 77 78 206
ED 77 96 188
ED 78 98 260
ED 78 79 220
ED 78 57 169
ED 79 99 222
ED 79 98 144
ED 80 100 229
ED 80 81 207
ED 81 101 215
ED 81 82 205
ED 81 100 214
ED 82 102 171
ED 82 83 207
ED 82 61 177
ED 83 103 264
ED 83 84 143
ED 83 102 180
ED 84 104 188
ED 84 85 250
ED 84 63 124
ED 85 105 189
ED 85 86 143
ED 85 104 184
ED 86 106 141
ED 86 87 205
ED 86 65 180
ED 87 107 150
ED 87 88 245
ED 87 106 134
ED 88 108 232
ED 88 89 268
ED 88 67 160
ED 89 109 236
ED 89 90 218
ED 89 108 235
ED 90 110 256
ED 90 91 214
ED 90 69 161
ED 91 111 231
ED 91 92 246
ED 91 110 121
ED 92 112 203
ED 92 93 191
ED 92 71 168
ED 93 113 230
ED 93 94 218
ED 93 112 191
ED 94 114 194
ED 94 95 230
ED 94 73 200
ED 95 115 197
ED 95 96 176
ED 95 114 212
ED 96 116 188
ED 96 97 235
ED 96 75 114
ED 97 117 257
ED 97 98 154
ED 97 116 165
ED 98 118 186
ED 98 99 196
ED 98 77 169
ED 99 119 223
ED 99 118 131
ED 100 120 161
ED 100 101 246
ED 101 121 244
ED 101 102 217
ED 101 120 209
ED 102 122 231
ED 102 103 265
ED 102 81 155
ED 103 123 184
ED 103 104 227
ED 103 122 127
ED 104 124 197
ED 104 105 239
ED 104 83 143
ED 105 125 205
ED 105 106 195
ED 105 124 189
ED 106 126 198
ED 106 107 183
ED 106 85 123
ED 107 127 203
ED 107 108 182
ED 107 126 110
ED 108 128 228
ED 108 109 234
ED 108 87 139
ED 109 129 162
ED 109 110 251
ED 109 128 140
ED 110 130 201
ED 110 111 193
ED 110 89 168
ED 111 131 171
ED 111 112 225
ED 111 130 149
ED 112 132 167
ED 112 113 234
ED 112 91 159
ED 113 133 162
ED 113 114 241
ED 113 132 179
ED 114 134 235
ED 114 115 191
ED 114 93 115
ED 115 135 226
ED 115 116 260
ED 115 134 161
ED 116 136 233
ED 116 117 249
ED 116 95 143
ED 117 137 186
ED 117 118 227
ED 117 136 174
ED 118 138 158
ED 118 119 224
ED 118 97 184
ED 119 139 147
ED 119 138 208
ED 120 140 216
ED 120 121 248
ED 121 141 169
ED 121 122 280
ED 121 140 141
ED 122 142 190
ED 122 123 206
ED 122 101 164
ED 123 143 176
ED 123 124 224
ED 123 142 120
ED 124 144 212
ED 124 125 233
ED 124 103 140
ED 125 145 232
ED 125 126 225
ED 125 144 155
ED 126 146 252
ED 126 127 173
ED 126 105 144
ED 127 147 226
ED 127 128 199
ED 127 146 184
ED 128 148 172
ED 128 129 152
ED 128 107 216
ED 129 149 229
ED 129 130 212
ED 129 148 143
ED 130 150 223
ED 130 131 207
ED 130 109 178
ED 131 151 183
ED 131 132 210
ED 131 150 209
ED 132 152 202
ED 132 133 256
ED 132 111 123
ED 133 153 221
ED 133 134 174
ED 133 152 144
ED 134 154 182
ED 134 135 200
ED 134 113 139
ED 135 155 234
ED 135 136 218
ED 135 154 174
ED 136 156 168
ED 136 137 210
ED 136 115 210
ED 137 157 220
ED 137 138 235
ED 137 156 177
ED 138 158 214
ED 138 139 217
ED 138 117 106
ED 139 159 210
ED 139 158 139
ED 140 160 174
ED 140 141 212
ED 141 161 185
ED 141 142 259
ED 141 160 141
ED 142 162 189
ED 142 143 175
ED 142 121 210
ED 143 163 169
ED 143 144 245
ED 143 162 95
ED 144 164 191
ED 144 145 184
ED 144 123 179
ED 145 165 155
ED 145 146 217
ED 145 164 130
ED 146 166 194
ED 146 147 210
ED 146 125 120
ED 147 167 172
ED 147 148 205
ED 147 166 135
ED 148 168 230
ED 148 149 230
ED 148 127 186
ED 149 169 232
ED 149 150 154
ED 149 168 167
ED 150 170 179
ED 150 151 208
ED 150 129 190
ED 151 171 177
ED 151 152 236
ED 151 170 170
ED 152 172 236
ED 152 153 211
ED 152 131 163
ED 153 173 164
ED 153 154 221
ED 153 172 101
ED 154 174 196
ED 154 155 280
ED 154 133 117
ED 155 175 194
ED 155 156 219
ED 155 174 199
ED 156 176 243
ED 156 157 286
ED 156 135 138
ED 157 177 154
ED 157 158 244
ED 157 176 159
ED 158 178 230
ED 158 159 217
ED 158 137 160
ED 159 179 185
ED 159 178 155
ED 160 180 238
ED 160 161 195
ED 161 181 239
ED 161 162 275
ED 161 180 142
ED 162 182 254
ED 162 163 160
ED 162 141 199
ED 163 183 219
ED 163 164 191
ED 163 182 195
ED 164 184 240
ED 164 165 212
ED 164 143 160
ED 165 185 210
ED 165 166 207
ED 165 184 175
ED 166 186 164
ED 166 167 174
ED 166 145 215
ED 167 187 214
ED 167 168 170
ED 167 186 141
ED 168 188 210
ED 168 169 186
ED 168 147 189
ED 169 189 145
ED 169 170 248
ED 169 188 130
ED 170 190 221
ED 170 171 168
ED 170 149 157
ED 171 191 203
ED 171 172 214
ED 171 190 211
ED 172 192 180
ED 172 173 163
ED 172 151 186
ED 173 193 261
ED 173 174 190
ED 173 192 161
ED 174 194 213
ED 174 175 226
ED 174 153 171
ED 175 195 163
ED 175 176 230
ED 175 194 105
ED 176 196 168
ED 176 177 150
ED 176 155 132
ED 177 197 186
ED 177 178 243
ED 177 196 127
ED 178 198 192
ED 178 179 191
ED 178 157 162
ED 179 199 238
ED 179 198 229
ED 180 200 218
ED 180 181 215
ED 181 201 157
ED 181 182 198
ED 181 200 153
ED 182 202 169
ED 182 183 234
ED 182 161 175
ED 183 203 213
ED 183 184 151
ED 183 202 166
ED 184 204 181
ED 184 185 200
ED 184 163 211
ED 185 205 186
ED 185 186 217
ED 185 204 185
ED 186 206 220
ED 186 187 196
ED 186 165 192
ED 187 207 194
ED 187 188 170
ED 187 206 185
ED 188 208 164
ED 188 189 159
ED 188 167 186
ED 189 209 198
ED 189 190 163
ED 189 208 137
ED 190 210 205
ED 190 191 173
ED 190 169 164
ED 191 211 230
ED 191 192 218
ED 191 210 201
ED 192 212 235
ED 192 193 270
ED 192 171 168
ED 193 213 190
ED 193 194 237
ED 193 212 188
ED 194 214 232
ED 194 195 182
ED 194 173 208
ED 195 215 237
ED 195 196 187
ED 195 214 185
ED 196 216 265
ED 196 197 195
ED 196 175 162
ED 197 217 269
ED 197 198 168
ED 197 216 196
ED 198 218 242
ED 198 199 260
ED 198 177 173
ED 199 219 218
ED 199 218 221
ED 200 220 204
ED 200 201 196
ED 201 221 215
ED 201 202 212
ED 201 220 229
ED 202 222 244
ED 202 203 184
ED 202 181 184
ED 203 223 256
ED 203 204 205
ED 203 222 167
ED 204 224 215
ED 204 205 153
ED 204 183 152
ED 205 225 234
ED 205 206 189
ED 205 224 192
ED 206 226 203
ED 206 207 192
ED 206 185 111
ED 207 227 214
ED 207 208 234
ED 207 226 100
ED 208 228 180
ED 208 209 156
ED 208 187 181
ED 209 229 195
ED 209 210 171
ED 209 228 146
ED 210 230 133
ED 210 211 230
ED 210 189 177
ED 211 231 173
ED 211 212 176
ED 211 230 204
ED 212 232 186
ED 212 213 242
ED 212 191 202
ED 213 233 174
ED 213 214 194
ED 213 232 166
ED 214 234 186
ED 214 215 184
ED 214 193 150
ED 215 235 217
ED 215 216 184
ED 215 234 194
ED 216 236 153
ED 216 217 193
ED 216 195 181
ED 217 237 154
ED 217 218 185
ED 217 236 168
ED 218 238 173
ED 218 219 206
ED 218 197 177
ED 219 239 157
ED 219 238 104
ED 220 240 156
ED 220 221 171
ED 221 241 194
ED 221 222 216
ED 221 240 158
ED 222 242 203
ED 222 223 213
ED 222 201 155
ED 223 243 205
ED 223 224 205
ED 223 242 147
ED 224 244 167
ED 224 225 214
ED 224 203 156
ED 225 245 186
ED 225 226 243
ED 225 244 164
ED 226 246 218
ED 226 227 190
ED 226 205 217
ED 227 247 196
ED 227 228 198
ED 227 246 163
ED 228 248 254
ED 228 229 240
ED 228 207 176
ED 229 249 253
ED 229 230 160
ED 229 248 227
ED 230 250 245
ED 230 231 211
ED 230 209 165
ED 231 251 244
ED 231 232 220
ED 231 250 201
ED 232 252 208
ED 232 233 163
ED 232 211 163
ED 233 253 252
ED 233 234 190
ED 233 252 178
ED 234 254 230
ED 234 235 249
ED 234 213 93
ED 235 255 195
ED 235 236 215
ED 235 254 187
ED 236 256 222
ED 236 237 213
ED 236 215 126
ED 237 257 216
ED 237 238 224
ED 237 256 158
ED 238 258 245
ED 238 239 149
ED 238 217 182
ED 239 259 253
ED 239 258 183
ED 240 260 177
ED 240 241 224
ED 241 261 239
ED 241 242 181
ED 241 260 188
ED 242 262 161
ED 242 243 194
ED 242 221 205
ED 243 263 128
ED 243 244 263
ED 243 262 117
ED 244 264 211
ED 244 245 182
ED 244 223 140
ED 245 265 188
ED 245 246 227
ED 245 264 165
ED 246 266 178
ED 246 247 192
ED 246 225 161
ED 247 267 257
ED 247 248 174
ED 247 266 143
ED 248 268 153
ED 248 249 216
ED 248 227 173
ED 249 269 203
ED 249 250 172
ED 249 268 142
ED 250 270 187
ED 250 251 244
ED 250 229 140
ED 251 271 175
ED 251 252 177
ED 251 270 200
ED 252 272 211
ED 252 253 244
ED 252 231 157
ED 253 273 130
ED 253 254 214
ED 253 272 114
ED 254 274 195
ED 254 255 232
ED 254 233 190
ED 255 275 163
ED 255 256 205
ED 255 274 175
ED 256 276 173
ED 256 257 202
ED 256 235 158
ED 257 277 217
ED 257 258 146
ED 257 276 141
ED 258 278 206
ED 258 259 246
ED 258 237 158
ED 259 279 178
ED 259 278 197
ED 260 280 219
ED 260 261 234
ED 261 281 169
ED 261 262 257
ED 261 280 135
ED 262 282 200
ED 262 263 190
ED 262 241 154
ED 263 283 268
ED 263 264 164
ED 263 282 138
ED 264 284 219
ED 264 265 209
ED 264 243 142
ED 265 285 276
ED 265 266 217
ED 265 284 184
ED 266 286 250
ED 266 267 233
ED 266 245 202
ED 267 287 190
ED 267 268 290
ED 267 286 137
ED 268 288 184
ED 268 269 219
ED 268 247 189
ED 269 289 148
ED 269 270 203
ED 269 288 120
ED 270 290 179
ED 270 271 206
ED 270 249 122
ED 271 291 222
ED 271 272 208
ED 271 290 161
ED 272 292 185
ED 272 273 168
ED 272 251 154
ED 273 293 259
ED 273 274 186
ED 273 292 151
ED 274 294 210
ED 274 275 196
ED 274 253 194
ED 275 295 249
ED 275 276 208
ED 275 294 183
ED 276 296 192
ED 276 277 221
ED 276 255 158
ED 277 297 205
ED 277 278 169
ED 277 296 182
ED 278 298 205
ED 278 279 218
ED 278 257 152
ED 279 299 176
ED 279 298 173
ED 280 300 212
ED 280 281 234
ED 281 301 229
ED 281 282 199
ED 281 300 214
ED 282 302 186
ED 282 283 241
ED 282 261 216
ED 283 303 128
ED 283 284 198
ED 283 302 156
ED 284 304 156
ED 284 285 228
ED 284 263 170
ED 285 305 185
ED 285 286 219
ED 285 304 115
ED 286 306 144
ED 286 287 241
ED 286 265 183
ED 287 307 216
ED 287 288 242
ED 287 306 173
ED 288 308 271
ED 288 289 204
ED 288 267 214
ED 289 309 269
ED 289 290 174
ED 289 308 214
ED 290 310 258
ED 290 291 217
ED 290 269 150
ED 291 311 181
ED 291 292 238
ED 291 310 136
ED 292 312 229
ED 292 293 205
ED 292 271 184
ED 293 313 201
ED 293 294 253
ED 293 312 126
ED 294 314 177
ED 294 295 182
ED 294 273 229
ED 295 315 138
ED 295 296 245
ED 295 314 148
ED 296 316 260
ED 296 297 226
ED 296 275 113
ED 297 317 187
ED 297 298 245
ED 297 316 149
ED 298 318 170
ED 298 299 124
ED 298 277 180
ED 299 319 268
ED 299 318 136
ED 300 320 230
ED 300 301 210
ED 301 321 206
ED 301 302 248
ED 301 320 174
ED 302 322 215
ED 302 303 190
ED 302 281 147
ED 303 323 248
ED 303 304 217
ED 303 322 177
ED 304 324 242
ED 304 305 253
ED 304 283 145
ED 305 325 152
ED 305 306 242
ED 305 324 144
ED 306 326 225
ED 306 307 273
ED 306 285 174
ED 307 327 183
ED 307 308 181
ED 307 326 196
ED 308 328 141
ED 308 309 205
ED 308 287 140
ED 309 329 164
ED 309 310 235
ED 309 328 108
ED 310 330 206
ED 310 311 151
ED 310 289 212
ED 311 331 201
ED 311 312 179
ED 311 330 217
ED 312 332 156
ED 312 313 212
ED 312 291 180
ED 313 333 143
ED 313 314 217
ED 313 332 153
ED 314 334 200
ED 314 315 148
ED 314 293 198
ED 315 335 234
ED 315 316 182
ED 315 334 136
ED 316 336 144
ED 316 317 165
ED 316 295 143
ED 317 337 214
ED 317 318 261
ED 317 336 112
ED 318 338 210
ED 318 319 193
ED 318 297 219
ED 319 339 202
ED 319 338 133
ED 320 340 174
ED 320 321 192
ED 321 341 189
ED 321 322 222
ED 321 340 192
ED 322 342 242
ED 322 323 214
ED 322 301 159
ED 323 343 216
ED 323 324 250
ED 323 342 178
ED 324 344 184
ED 324 325 162
ED 324 303 206
ED 325 345 221
ED 325 326 184
ED 325 344 186
ED 326 346 229
ED 326 327 203
ED 326 305 114
ED 327 347 230
ED 327 328 283
ED 327 346 154
ED 328 348 197
ED 328 329 205
ED 328 307 157
ED 329 349 185
ED 329 330 157
ED 329 348 137
ED 330 350 195
ED 330 331 211
ED 330 309 139
ED 331 351 194
ED 331 332 209
ED 331 350 202
ED 332 352 197
ED 332 333 174
ED 332 311 151
ED 333 353 209
ED 333 334 232
ED 333 352 116
ED 334 354 227
ED 334 335 187
ED 334 313 184
ED 335 355 190
ED 335 336 211
ED 335 354 176
ED 336 356 226
ED 336 337 227
ED 336 315 187
ED 337 357 187
ED 337 338 207
ED 337 356 141
ED 338 358 164
ED 338 339 235
ED 338 317 190
ED 339 359 147
ED 339 358 178
ED 340 360 205
ED 340 341 200
ED 341 361 233
ED 341 342 190
ED 341 360 117
ED 342 362 202
ED 342 343 223
ED 342 321 144
ED 343 363 146
ED 343 344 231
ED 343 362 160
ED 344 364 221
ED 344 345 224
ED 344 323 151
ED 345 365 198
ED 345 346 182
ED 345 364 181
ED 346 366 160
ED 346 347 247
ED 346 325 159
ED 347 367 212
ED 347 348 248
ED 347 366 182
ED 348 368 246
ED 348 349 196
ED 348 327 206
ED 349 369 208
ED 349 350 178
ED 349 368 141
ED 350 370 187
ED 350 351 163
ED 350 329 161
ED 351 371 258
ED 351 352 250
ED 351 370 185
ED 352 372 195
ED 352 353 197
ED 352 331 169
ED 353 373 228
ED 353 354 175
ED 353 372 181
ED 354 374 133
ED 354 355 179
ED 354 333 245
ED 355 375 173
ED 355 356 179
ED 355 374 159
ED 356 376 214
ED 356 357 214
ED 356 335 144
ED 357 377 230
ED 357 358 199
ED 357 376 189
ED 358 378 198
ED 358 359 203
ED 358 337 139
ED 359 379 185
ED 359 378 122
ED 360 380 172
ED 360 361 228
ED 361 381 165
ED 361 362 169
ED 361 380 208
ED 362 382 146
ED 362 363 169
ED 362 341 199
ED 363 383 194
ED 363 364 174
ED 363 382 151
ED 364 384 181
ED 364 365 251
ED 364 343 135
ED 365 385 180
ED 365 366 185
ED 365 384 164
ED 366 386 253
ED 366 367 230
ED 366 345 154
ED 367 387 188
ED 367 368 264
ED 367 386 146
ED 368 388 210
ED 368 369 160
ED 368 347 158
ED 369 389 235
ED 369 370 178
ED 369 388 182
ED 370 390 211
ED 370 371 245
ED 370 349 160
ED 371 391 154
ED 371 372 254
ED 371 390 130
ED 372 392 205
ED 372 373 206
ED 372 351 174
ED 373 393 244
ED 373 374 267
ED 373 392 135
ED 374 394 261
ED 374 375 196
ED 374 353 173
ED 375 395 199
ED 375 376 146
ED 375 394 189
ED 376 396 163
ED 376 377 222
ED 376 355 137
ED 377 397 168
ED 377 378 255
ED 377 396 162
ED 378 398 229
ED 378 379 172
ED 378 357 144
ED 379 399 234
ED 379 398 159
ED 380 381 249
ED 381 382 195
ED 382 383 197
ED 382 361 114
ED 383 384 229
ED 384 385 193
ED 384 363 201
ED 385 386 136
ED 386 387 210
ED 386 365 133
ED 387 388 188
ED 388 389 257
ED 388 367 162
ED 389 390 206
ED 390 391 194
ED 390 369 215
ED 391 392 182
ED 392 393 261
ED 392 371 131
ED 393 394 236
ED 394 395 150
ED 394 373 246
ED 395 396 170
ED 396 397 203
ED 396 375 132
ED 397 398 219
ED 398 399 231
ED 398 377 138
DM 1 110 1000 
DM 2 371 1000 
ID 1 27 40 
SD 1 157
OD 1 67
