VC 100
EC 180
DMC 5
IC 1
SC 1
OC 1
NL 0
QN 1
ED 0 10 69
ED 0 1 73
ED 1 11 33
ED 1 2 29
ED 2 12 54
ED 2 3 12
ED 3 13 10
ED 3 4 18
ED 4 14 27
ED 4 5 27
ED 5 15 73
ED 5 6 45
ED 6 16 32
ED 6 7 42
ED 7 17 44
ED 7 8 12
ED 8 18 60
ED 8 9 11
ED 9 19 34
ED 10 20 6
ED 10 11 35
ED 11 21 47
ED 11 12 47
ED 12 22 56
ED 12 13 47
ED 13 23 51
ED 13 14 34
ED 14 24 8
ED 14 15 54
ED 15 25 81
ED 15 16 33
ED 16 26 73
ED 16 17 33
ED 17 27 2
ED 17 18 14
ED 18 28 38
ED 18 19 68
ED 19 29 51
ED 20 30 63
ED 20 21 26
ED 21 31 25
ED 21 22 61
ED 22 32 40
ED 22 23 75
ED 23 33 15
ED 23 24 54
ED 24 34 55
ED 24 25 55
ED 25 35 52
ED 25 26 65
ED 26 36 84
ED 26 27 42
ED 27 37 18
ED 27 28 28
ED 28 38 66
ED 28 29 6
ED 29 39 51
ED 30 40 8
ED 30 31 64
ED 31 41 42
ED 31 32 52
ED 32 42 48
ED 32 33 49
ED 33 43 54
ED 33 34 30
ED 34 44 57
ED 34 35 28
ED 35 45 75
ED 35 36 42
ED 36 46 69
ED 36 37 46
ED 37 47 20
ED 37 38 49
ED 38 48 67
ED 38 39 34
ED 39 49 52
ED 40 50 57
ED 40 41 34
ED 41 51 36
ED 41 42 40
ED 42 52 9
ED 42 43 26
ED 43 53 52
ED 43 44 58
ED 44 54 74
ED 44 45 30
ED 45 55 62
ED 45 46 80
ED 46 56 52
ED 46 47 49
ED 47 57 23
ED 47 48 31
ED 48 58 91
ED 48 49 66
ED 49 59 62
ED 50 60 40
ED 50 51 63
ED 51 61 17
ED 51 52 36
ED 52 62 60
ED 52 53 38
ED 53 63 45
ED 53 54 40
ED 54 64 65
ED 54 55 22
ED 55 65 22
ED 55 56 33
ED 56 66 26
ED 56 57 40
ED 57 67 19
ED 57 58 73
ED 58 68 73
ED 58 59 89
ED 59 69 79
ED 60 70 18
ED 60 61 41
ED 61 71 18
ED 61 62 53
ED 62 72 52
ED 62 63 57
ED 63 73 71
ED 63 64 54
ED 64 74 55
ED 64 65 69
ED 65 75 33
ED 65 66 68
ED 66 76 45
ED 66 67 60
ED 67 77 70
ED 67 68 30
ED 68 78 54
ED 68 69 43
ED 69 79 9
ED 70 80 36
ED 70 71 5
ED 71 81 33
ED 71 72 46
ED 72 82 63
ED 72 73 69
ED 73 83 19
ED 73 74 23
ED 74 84 21
ED 74 75 40
ED 75 85 29
ED 75 76 45
ED 76 86 69
ED 76 77 14
ED 77 87 22
ED 77 78 28
ED 78 88 36
ED 78 79 21
ED 79 89 52
ED 80 90 10
ED 80 81 44
ED 81 91 70
ED 81 82 62
ED 82 92 61
ED 82 83 86
ED 83 93 77
ED 83 84 34
ED 84 94 36
ED 84 85 36
ED 85 95 21
ED 85 86 64
ED 86 96 38
ED 86 87 70
ED 87 97 16
ED 87 88 44
ED 88 98 23
ED 88 89 79
ED 89 99 63
ED 90 91 73
ED 91 92 53
ED 92 93 50
ED 93 94 77
ED 94 95 53
ED 95 96 30
ED 96 97 34
ED 97 98 13
ED 98 99 43
DM 1 90 1000 
DM 2 99 1000 
DM 3 3 1000 
DM 4 70 1000 
DM 5 98 1000 
ID 1 36 24 
SD 1 74
OD 1 95
