VC 400
EC 760
DMC 4
IC 1
SC 1
OC 1
NL 0
QN 1
ED 0 20 23
ED 0 1 39
ED 1 21 38
ED 1 2 48
ED 2 22 48
ED 2 3 57
ED 3 23 39
ED 3 4 57
ED 4 24 56
ED 4 5 24
ED 5 25 27
ED 5 6 9
ED 6 26 21
ED 6 7 56
ED 7 27 67
ED 7 8 19
ED 8 28 24
ED 8 9 10
ED 9 29 13
ED 9 10 26
ED 10 30 35
ED 10 11 49
ED 11 31 38
ED 11 12 69
ED 12 32 17
ED 12 13 29
ED 13 33 16
ED 13 14 34
ED 14 34 35
ED 14 15 21
ED 15 35 8
ED 15 16 60
ED 16 36 21
ED 16 17 24
ED 17 37 65
ED 17 18 55
ED 18 38 62
ED 18 19 36
ED 19 39 3
ED 20 40 38
ED 20 21 14
ED 21 41 89
ED 21 22 72
ED 22 42 10
ED 22 23 30
ED 23 43 28
ED 23 24 14
ED 24 44 34
ED 24 25 47
ED 25 45 14
ED 25 26 39
ED 26 46 55
ED 26 27 49
ED 27 47 71
ED 27 28 67
ED 28 48 49
ED 28 29 30
ED 29 49 42
ED 29 30 10
ED 30 50 31
ED 30 31 20
ED 31 51 30
ED 31 32 16
ED 32 52 39
ED 32 33 23
ED 33 53 42
ED 33 34 54
ED 34 54 16
ED 34 35 52
ED 35 55 57
ED 35 36 48
ED 36 56 28
ED 36 37 56
ED 37 57 67
ED 37 38 53
ED 38 58 36
ED 38 39 29
ED 39 59 18
ED 40 60 46
ED 40 41 74
ED 41 61 58
ED 41 42 64
ED 42 62 41
ED 42 43 46
ED 43 63 46
ED 43 44 34
ED 44 64 67
ED 44 45 44
ED 45 65 29
ED 45 46 48
ED 46 66 34
ED 46 47 35
ED 47 67 58
ED 47 48 56
ED 48 68 54
ED 48 49 28
ED 49 69 15
ED 49 50 58
ED 50 70 70
ED 50 51 56
ED 51 71 52
ED 51 52 65
ED 52 72 31
ED 52 53 56
ED 53 73 63
ED 53 54 23
ED 54 74 41
ED 54 55 19
ED 55 75 75
ED 55 56 18
ED 56 76 26
ED 56 57 52
ED 57 77 71
ED 57 58 81
ED 58 78 53
ED 58 59 56
ED 59 79 16
ED 60 80 25
ED 60 61 35
ED 61 81 19
ED 61 62 37
ED 62 82 41
ED 62 63 23
ED 63 83 69
ED 63 64 46
ED 64 84 78
ED 64 65 51
ED 65 85 39
ED 65 66 17
ED 66 86 41
ED 66 67 63
ED 67 87 56
ED 67 68 62
ED 68 88 49
ED 68 69 61
ED 69 89 57
ED 69 70 34
ED 70 90 35
ED 70 71 71
ED 71 91 22
ED 71 72 33
ED 72 92 36
ED 72 73 16
ED 73 93 28
ED 73 74 4
ED 74 94 25
ED 74 75 21
ED 75 95 55
ED 75 76 64
ED 76 96 57
ED 76 77 67
ED 77 97 54
ED 77 78 43
ED 78 98 31
ED 78 79 35
ED 79 99 19
ED 80 100 79
ED 80 81 70
ED 81 101 33
ED 81 82 44
ED 82 102 31
ED 82 83 40
ED 83 103 22
ED 83 84 78
ED 84 104 33
ED 84 85 64
ED 85 105 43
ED 85 86 42
ED 86 106 44
ED 86 87 25
ED 87 107 36
ED 87 88 41
ED 88 108 24
ED 88 89 41
ED 89 109 59
ED 89 90 68
ED 90 110 34
ED 90 91 59
ED 91 111 28
ED 91 92 38
ED 92 112 25
ED 92 93 61
ED 93 113 81
ED 93 94 51
ED 94 114 27
ED 94 95 38
ED 95 115 52
ED 95 96 45
ED 96 116 66
ED 96 97 43
ED 97 117 65
ED 97 98 34
ED 98 118 48
ED 98 99 41
ED 99 119 4
ED 100 120 84
ED 100 101 66
ED 101 121 69
ED 101 102 85
ED 102 122 56
ED 102 103 25
ED 103 123 31
ED 103 104 23
ED 104 124 39
ED 104 105 38
ED 105 125 75
ED 105 106 30
ED 106 126 72
ED 106 107 34
ED 107 127 43
ED 107 108 27
ED 108 128 20
ED 108 109 37
ED 109 129 53
ED 109 110 49
ED 110 130 17
ED 110 111 71
ED 111 131 58
ED 111 112 7
ED 112 132 14
ED 112 113 17
ED 113 133 20
ED 113 114 6
ED 114 134 51
ED 114 115 70
ED 115 135 38
ED 115 116 7
ED 116 136 72
ED 116 117 71
ED 117 137 41
ED 117 118 54
ED 118 138 39
ED 118 119 11
ED 119 139 35
ED 120 140 40
ED 120 121 90
ED 121 141 59
ED 121 122 30
ED 122 142 74
ED 122 123 19
ED 123 143 53
ED 123 124 33
ED 124 144 41
ED 124 125 74
ED 125 145 62
ED 125 126 45
ED 126 146 46
ED 126 127 8
ED 127 147 29
ED 127 128 47
ED 128 148 19
ED 128 129 44
ED 129 149 76
ED 129 130 67
ED 130 150 12
ED 130 131 13
ED 131 151 32
ED 131 132 53
ED 132 152 35
ED 132 133 20
ED 133 153 9
ED 133 134 32
ED 134 154 66
ED 134 135 14
ED 135 155 44
ED 135 136 59
ED 136 156 13
ED 136 137 35
ED 137 157 46
ED 137 138 30
ED 138 158 47
ED 138 139 26
ED 139 159 39
ED 140 160 30
ED 140 141 66
ED 141 161 32
ED 141 142 70
ED 142 162 62
ED 142 143 4
ED 143 163 25
ED 143 144 71
ED 144 164 59
ED 144 145 35
ED 145 165 55
ED 145 146 64
ED 146 166 48
ED 146 147 48
ED 147 167 55
ED 147 148 33
ED 148 168 8
ED 148 149 25
ED 149 169 78
ED 149 150 19
ED 150 170 31
ED 150 151 20
ED 151 171 71
ED 151 152 72
ED 152 172 57
ED 152 153 24
ED 153 173 36
ED 153 154 37
ED 154 174 63
ED 154 155 32
ED 155 175 31
ED 155 156 33
ED 156 176 36
ED 156 157 46
ED 157 177 58
ED 157 158 71
ED 158 178 47
ED 158 159 51
ED 159 179 48
ED 160 180 32
ED 160 161 25
ED 161 181 36
ED 161 162 63
ED 162 182 24
ED 162 163 44
ED 163 183 40
ED 163 164 53
ED 164 184 65
ED 164 165 40
ED 165 185 42
ED 165 166 24
ED 166 186 43
ED 166 167 30
ED 167 187 50
ED 167 168 48
ED 168 188 11
ED 168 169 62
ED 169 189 52
ED 169 170 34
ED 170 190 44
ED 170 171 28
ED 171 191 31
ED 171 172 49
ED 172 192 85
ED 172 173 67
ED 173 193 32
ED 173 174 19
ED 174 194 62
ED 174 175 56
ED 175 195 14
ED 175 176 53
ED 176 196 76
ED 176 177 46
ED 177 197 71
ED 177 178 50
ED 178 198 22
ED 178 179 42
ED 179 199 60
ED 180 200 29
ED 180 181 42
ED 181 201 53
ED 181 182 59
ED 182 202 43
ED 182 183 23
ED 183 203 65
ED 183 184 60
ED 184 204 69
ED 184 185 66
ED 185 205 10
ED 185 186 9
ED 186 206 38
ED 186 187 34
ED 187 207 79
ED 187 188 90
ED 188 208 22
ED 188 189 65
ED 189 209 38
ED 189 190 32
ED 190 210 83
ED 190 191 79
ED 191 211 50
ED 191 192 24
ED 192 212 57
ED 192 193 60
ED 193 213 69
ED 193 194 86
ED 194 214 87
ED 194 195 36
ED 195 215 38
ED 195 196 30
ED 196 216 72
ED 196 197 67
ED 197 217 57
ED 197 198 67
ED 198 218 55
ED 198 199 4
ED 199 219 31
ED 200 220 30
ED 200 201 20
ED 201 221 51
ED 201 202 45
ED 202 222 12
ED 202 203 80
ED 203 223 20
ED 203 204 77
ED 204 224 59
ED 204 205 14
ED 205 225 25
ED 205 206 51
ED 206 226 67
ED 206 207 24
ED 207 227 11
ED 207 208 12
ED 208 228 66
ED 208 209 64
ED 209 229 6
ED 209 210 42
ED 210 230 21
ED 210 211 49
ED 211 231 41
ED 211 212 51
ED 212 232 51
ED 212 213 30
ED 213 233 44
ED 213 214 72
ED 214 234 22
ED 214 215 69
ED 215 235 51
ED 215 216 74
ED 216 236 72
ED 216 217 55
ED 217 237 42
ED 217 218 3
ED 218 238 28
ED 218 219 44
ED 219 239 53
ED 220 240 55
ED 220 221 52
ED 221 241 24
ED 221 222 44
ED 222 242 34
ED 222 223 57
ED 223 243 19
ED 223 224 4
ED 224 244 53
ED 224 225 61
ED 225 245 67
ED 225 226 35
ED 226 246 69
ED 226 227 68
ED 227 247 62
ED 227 228 61
ED 228 248 53
ED 228 229 60
ED 229 249 50
ED 229 230 26
ED 230 250 47
ED 230 231 30
ED 231 251 36
ED 231 232 29
ED 232 252 55
ED 232 233 46
ED 233 253 67
ED 233 234 18
ED 234 254 57
ED 234 235 2
ED 235 255 24
ED 235 236 45
ED 236 256 35
ED 236 237 55
ED 237 257 37
ED 237 238 24
ED 238 258 37
ED 238 239 44
ED 239 259 32
ED 240 260 61
ED 240 241 33
ED 241 261 25
ED 241 242 35
ED 242 262 43
ED 242 243 37
ED 243 263 34
ED 243 244 36
ED 244 264 11
ED 244 245 50
ED 245 265 21
ED 245 246 90
ED 246 266 53
ED 246 247 84
ED 247 267 71
ED 247 248 49
ED 248 268 28
ED 248 249 43
ED 249 269 9
ED 249 250 14
ED 250 270 71
ED 250 251 58
ED 251 271 56
ED 251 252 67
ED 252 272 62
ED 252 253 27
ED 253 273 50
ED 253 254 101
ED 254 274 16
ED 254 255 76
ED 255 275 25
ED 255 256 40
ED 256 276 39
ED 256 257 44
ED 257 277 45
ED 257 258 17
ED 258 278 13
ED 258 259 25
ED 259 279 21
ED 260 280 37
ED 260 261 16
ED 261 281 19
ED 261 262 42
ED 262 282 13
ED 262 263 43
ED 263 283 65
ED 263 264 35
ED 264 284 34
ED 264 265 72
ED 265 285 87
ED 265 266 49
ED 266 286 8
ED 266 267 52
ED 267 287 37
ED 267 268 84
ED 268 288 15
ED 268 269 41
ED 269 289 59
ED 269 270 74
ED 270 290 80
ED 270 271 76
ED 271 291 43
ED 271 272 18
ED 272 292 44
ED 272 273 46
ED 273 293 37
ED 273 274 48
ED 274 294 25
ED 274 275 35
ED 275 295 20
ED 275 276 31
ED 276 296 32
ED 276 277 42
ED 277 297 13
ED 277 278 54
ED 278 298 12
ED 278 279 33
ED 279 299 32
ED 280 300 4
ED 280 281 66
ED 281 301 51
ED 281 282 55
ED 282 302 71
ED 282 283 45
ED 283 303 87
ED 283 284 53
ED 284 304 41
ED 284 285 57
ED 285 305 36
ED 285 286 44
ED 286 306 25
ED 286 287 36
ED 287 307 35
ED 287 288 57
ED 288 308 58
ED 288 289 63
ED 289 309 34
ED 289 290 55
ED 290 310 51
ED 290 291 26
ED 291 311 17
ED 291 292 12
ED 292 312 61
ED 292 293 53
ED 293 313 35
ED 293 294 38
ED 294 314 61
ED 294 295 61
ED 295 315 76
ED 295 296 39
ED 296 316 47
ED 296 297 16
ED 297 317 31
ED 297 298 39
ED 298 318 26
ED 298 299 14
ED 299 319 8
ED 300 320 76
ED 300 301 27
ED 301 321 55
ED 301 302 75
ED 302 322 56
ED 302 303 75
ED 303 323 75
ED 303 304 65
ED 304 324 72
ED 304 305 60
ED 305 325 19
ED 305 306 15
ED 306 326 37
ED 306 307 51
ED 307 327 16
ED 307 308 36
ED 308 328 49
ED 308 309 50
ED 309 329 8
ED 309 310 32
ED 310 330 34
ED 310 311 23
ED 311 331 23
ED 311 312 33
ED 312 332 59
ED 312 313 17
ED 313 333 23
ED 313 314 7
ED 314 334 13
ED 314 315 68
ED 315 335 51
ED 315 316 12
ED 316 336 42
ED 316 317 81
ED 317 337 74
ED 317 318 62
ED 318 338 57
ED 318 319 22
ED 319 339 22
ED 320 340 21
ED 320 321 6
ED 321 341 66
ED 321 322 40
ED 322 342 20
ED 322 323 41
ED 323 343 22
ED 323 324 48
ED 324 344 100
ED 324 325 55
ED 325 345 34
ED 325 326 36
ED 326 346 17
ED 326 327 30
ED 327 347 37
ED 327 328 22
ED 328 348 37
ED 328 329 38
ED 329 349 67
ED 329 330 42
ED 330 350 35
ED 330 331 34
ED 331 351 19
ED 331 332 49
ED 332 352 36
ED 332 333 40
ED 333 353 13
ED 333 334 31
ED 334 354 18
ED 334 335 41
ED 335 355 18
ED 335 336 30
ED 336 356 12
ED 336 337 38
ED 337 357 16
ED 337 338 73
ED 338 358 38
ED 338 339 24
ED 339 359 53
ED 340 360 47
ED 340 341 44
ED 341 361 8
ED 341 342 17
ED 342 362 20
ED 342 343 41
ED 343 363 11
ED 343 344 71
ED 344 364 62
ED 344 345 70
ED 345 365 32
ED 345 346 45
ED 346 366 11
ED 346 347 50
ED 347 367 28
ED 347 348 25
ED 348 368 17
ED 348 349 26
ED 349 369 61
ED 349 350 5
ED 350 370 64
ED 350 351 10
ED 351 371 16
ED 351 352 43
ED 352 372 63
ED 352 353 11
ED 353 373 16
ED 353 354 37
ED 354 374 41
ED 354 355 50
ED 355 375 43
ED 355 356 38
ED 356 376 35
ED 356 357 24
ED 357 377 33
ED 357 358 64
ED 358 378 8
ED 358 359 31
ED 359 379 43
ED 360 380 36
ED 360 361 19
ED 361 381 45
ED 361 362 31
ED 362 382 17
ED 362 363 12
ED 363 383 26
ED 363 364 49
ED 364 384 90
ED 364 365 96
ED 365 385 72
ED 365 366 63
ED 366 386 36
ED 366 367 44
ED 367 387 62
ED 367 368 43
ED 368 388 11
ED 368 369 28
ED 369 389 57
ED 369 370 25
ED 370 390 66
ED 370 371 80
ED 371 391 23
ED 371 372 9
ED 372 392 34
ED 372 373 55
ED 373 393 52
ED 373 374 29
ED 374 394 58
ED 374 375 26
ED 375 395 18
ED 375 376 50
ED 376 396 72
ED 376 377 84
ED 377 397 72
ED 377 378 81
ED 378 398 65
ED 378 379 53
ED 379 399 33
ED 380 381 37
ED 381 382 43
ED 382 383 38
ED 383 384 69
ED 384 385 65
ED 385 386 36
ED 386 387 55
ED 387 388 13
ED 388 389 42
ED 389 390 63
ED 390 391 19
ED 391 392 19
ED 392 393 41
ED 393 394 79
ED 394 395 50
ED 395 396 4
ED 396 397 32
ED 397 398 74
ED 398 399 41
DM 1 257 1000 
DM 2 184 1000 
DM 3 342 1000 
DM 4 334 1000 
ID 1 54 77 
SD 1 229
OD 1 236
