VC 100
EC 261
DMC 5
IC 1
SC 1
OC 1
NL 0
QN 1
ED 0 10 233
ED 0 1 216
ED 1 11 257
ED 1 2 137
ED 1 10 186
ED 2 12 216
ED 2 3 237
ED 3 13 155
ED 3 4 192
ED 3 12 110
ED 4 14 213
ED 4 5 210
ED 5 15 220
ED 5 6 168
ED 5 14 194
ED 6 16 175
ED 6 7 225
ED 7 17 148
ED 7 8 266
ED 7 16 185
ED 8 18 245
ED 8 9 185
ED 9 19 238
ED 9 18 141
ED 10 20 162
ED 10 11 206
ED 11 21 142
ED 11 12 239
ED 11 20 155
ED 12 22 234
ED 12 13 140
ED 12 1 196
ED 13 23 204
ED 13 14 218
ED 13 22 186
ED 14 24 197
ED 14 15 182
ED 14 3 196
ED 15 25 249
ED 15 16 173
ED 15 24 174
ED 16 26 244
ED 16 17 216
ED 16 5 135
ED 17 27 184
ED 17 18 218
ED 17 26 210
ED 18 28 221
ED 18 19 179
ED 18 7 174
ED 19 29 220
ED 19 28 180
ED 20 30 252
ED 20 21 213
ED 21 31 246
ED 21 22 129
ED 21 30 191
ED 22 32 132
ED 22 23 230
ED 22 11 140
ED 23 33 249
ED 23 24 170
ED 23 32 212
ED 24 34 150
ED 24 25 175
ED 24 13 246
ED 25 35 167
ED 25 26 188
ED 25 34 170
ED 26 36 170
ED 26 27 217
ED 26 15 132
ED 27 37 229
ED 27 28 135
ED 27 36 220
ED 28 38 213
ED 28 29 198
ED 28 17 166
ED 29 39 196
ED 29 38 115
ED 30 40 214
ED 30 31 167
ED 31 41 213
ED 31 32 241
ED 31 40 139
ED 32 42 232
ED 32 33 272
ED 32 21 135
ED 33 43 151
ED 33 34 218
ED 33 42 195
ED 34 44 234
ED 34 35 260
ED 34 23 102
ED 35 45 182
ED 35 36 171
ED 35 44 213
ED 36 46 237
ED 36 37 216
ED 36 25 126
ED 37 47 180
ED 37 38 201
ED 37 46 202
ED 38 48 136
ED 38 39 206
ED 38 27 196
ED 39 49 224
ED 39 48 164
ED 40 50 170
ED 40 41 187
ED 41 51 171
ED 41 42 201
ED 41 50 135
ED 42 52 210
ED 42 43 215
ED 42 31 163
ED 43 53 214
ED 43 44 151
ED 43 52 222
ED 44 54 198
ED 44 45 188
ED 44 33 103
ED 45 55 257
ED 45 46 166
ED 45 54 141
ED 46 56 207
ED 46 47 163
ED 46 35 134
ED 47 57 274
ED 47 48 252
ED 47 56 185
ED 48 58 201
ED 48 49 223
ED 48 37 185
ED 49 59 138
ED 49 58 141
ED 50 60 238
ED 50 51 142
ED 51 61 231
ED 51 52 188
ED 51 60 174
ED 52 62 242
ED 52 53 191
ED 52 41 114
ED 53 63 221
ED 53 54 225
ED 53 62 140
ED 54 64 206
ED 54 55 242
ED 54 43 165
ED 55 65 220
ED 55 56 155
ED 55 64 169
ED 56 66 164
ED 56 57 211
ED 56 45 206
ED 57 67 184
ED 57 58 259
ED 57 66 126
ED 58 68 228
ED 58 59 195
ED 58 47 181
ED 59 69 243
ED 59 68 150
ED 60 70 170
ED 60 61 216
ED 61 71 187
ED 61 62 201
ED 61 70 200
ED 62 72 142
ED 62 63 163
ED 62 51 253
ED 63 73 177
ED 63 64 198
ED 63 72 191
ED 64 74 194
ED 64 65 212
ED 64 53 218
ED 65 75 168
ED 65 66 248
ED 65 74 129
ED 66 76 216
ED 66 67 232
ED 66 55 137
ED 67 77 153
ED 67 68 200
ED 67 76 207
ED 68 78 179
ED 68 69 202
ED 68 57 160
ED 69 79 186
ED 69 78 127
ED 70 80 232
ED 70 71 243
ED 71 81 228
ED 71 72 191
ED 71 80 199
ED 72 82 245
ED 72 73 219
ED 72 61 112
ED 73 83 269
ED 73 74 201
ED 73 82 165
ED 74 84 212
ED 74 75 187
ED 74 63 153
ED 75 85 178
ED 75 76 207
ED 75 84 124
ED 76 86 145
ED 76 77 183
ED 76 65 153
ED 77 87 236
ED 77 78 208
ED 77 86 149
ED 78 88 252
ED 78 79 204
ED 78 67 120
ED 79 89 228
ED 79 88 160
ED 80 90 199
ED 80 81 169
ED 81 91 191
ED 81 82 228
ED 81 90 161
ED 82 92 188
ED 82 83 238
ED 82 71 147
ED 83 93 173
ED 83 84 216
ED 83 92 158
ED 84 94 217
ED 84 85 193
ED 84 73 196
ED 85 95 228
ED 85 86 202
ED 85 94 187
ED 86 96 275
ED 86 87 247
ED 86 75 184
ED 87 97 164
ED 87 88 172
ED 87 96 205
ED 88 98 145
ED 88 89 180
ED 88 77 195
ED 89 99 185
ED 89 98 96
ED 90 91 161
ED 91 92 258
ED 92 93 222
ED 92 81 191
ED 93 94 186
ED 94 95 145
ED 94 83 150
ED 95 96 201
ED 96 97 206
ED 96 85 166
ED 97 98 194
ED 98 99 209
ED 98 87 150
DM 1 65 1000 
DM 2 52 1000 
DM 3 22 1000 
DM 4 37 1000 
DM 5 95 1000 
ID 1 6 87 
SD 1 46
OD 1 57
