VC 400
EC 399
DMC 2
IC 1
SC 1
OC 1
NL 0
QN 1
ED 0 1 104
ED 1 2 177
ED 2 3 24
ED 3 4 104
ED 4 5 112
ED 5 6 100
ED 6 7 102
ED 7 8 132
ED 8 9 76
ED 9 10 119
ED 10 11 121
ED 11 12 82
ED 12 13 116
ED 13 14 146
ED 14 15 79
ED 15 16 81
ED 16 17 158
ED 17 18 40
ED 18 19 154
ED 19 20 49
ED 20 21 179
ED 21 22 106
ED 22 23 47
ED 23 24 149
ED 24 25 96
ED 25 26 75
ED 26 27 103
ED 27 28 130
ED 28 29 136
ED 29 30 87
ED 30 31 98
ED 31 32 146
ED 32 33 80
ED 33 34 101
ED 34 35 117
ED 35 36 107
ED 36 37 89
ED 37 38 123
ED 38 39 136
ED 39 40 52
ED 40 41 92
ED 41 42 117
ED 42 43 102
ED 43 44 107
ED 44 45 157
ED 45 46 98
ED 46 47 48
ED 47 48 140
ED 48 49 85
ED 49 50 115
ED 50 51 111
ED 51 52 124
ED 52 53 53
ED 53 54 171
ED 54 55 92
ED 55 56 69
ED 56 57 115
ED 57 58 113
ED 58 59 99
ED 59 60 113
ED 60 61 83
ED 61 62 104
ED 62 63 78
ED 63 64 147
ED 64 65 90
ED 65 66 107
ED 66 67 103
ED 67 68 142
ED 68 69 53
ED 69 70 157
ED 70 71 94
ED 71 72 104
ED 72 73 69
ED 73 74 121
ED 74 75 73
ED 75 76 110
ED 76 77 75
ED 77 78 147
ED 78 79 127
ED 79 80 93
ED 80 81 72
ED 81 82 93
ED 82 83 149
ED 83 84 92
ED 84 85 132
ED 85 86 57
ED 86 87 116
ED 87 88 151
ED 88 89 84
ED 89 90 77
ED 90 91 153
ED 91 92 89
ED 92 93 142
ED 93 94 110
ED 94 95 125
ED 95 96 117
ED 96 97 55
ED 97 98 124
ED 98 99 136
ED 99 100 112
ED 100 101 114
ED 101 102 105
ED 102 103 57
ED 103 104 144
ED 104 105 81
ED 105 106 114
ED 106 107 98
ED 107 108 119
ED 108 109 76
ED 109 110 56
ED 110 111 114
ED 111 112 122
ED 112 113 108
ED 113 114 146
ED 114 115 111
ED 115 116 36
ED 116 117 118
ED 117 118 151
ED 118 119 109
ED 119 120 43
ED 120 121 132
ED 121 122 52
ED 122 123 111
ED 123 124 133
ED 124 125 129
ED 125 126 64
ED 126 127 98
ED 127 128 125
ED 128 129 126
ED 129 130 85
ED 130 131 129
ED 131 132 64
ED 132 133 170
ED 133 134 102
ED 134 135 62
ED 135 136 150
ED 136 137 73
ED 137 138 174
ED 138 139 81
ED 139 140 94
ED 140 141 74
ED 141 142 118
ED 142 143 130
ED 143 144 105
ED 144 145 147
ED 145 146 66
ED 146 147 107
ED 147 148 154
ED 148 149 82
ED 149 150 129
ED 150 151 103
ED 151 152 102
ED 152 153 101
ED 153 154 132
ED 154 155 38
ED 155 156 148
ED 156 157 94
ED 157 158 111
ED 158 159 139
ED 159 160 137
ED 160 161 109
ED 161 162 98
ED 162 163 61
ED 163 164 143
ED 164 165 87
ED 165 166 80
ED 166 167 81
ED 167 168 131
ED 168 169 131
ED 169 170 54
ED 170 171 125
ED 171 172 69
ED 172 173 161
ED 173 174 83
ED 174 175 87
ED 175 176 112
ED 176 177 156
ED 177 178 75
ED 178 179 93
ED 179 180 146
ED 180 181 95
ED 181 182 85
ED 182 183 130
ED 183 184 102
ED 184 185 164
ED 185 186 116
ED 186 187 100
ED 187 188 97
ED 188 189 67
ED 189 190 135
ED 190 191 73
ED 191 192 99
ED 192 193 116
ED 193 194 118
ED 194 195 120
ED 195 196 52
ED 196 197 164
ED 197 198 40
ED 198 199 165
ED 199 200 54
ED 200 201 125
ED 201 202 79
ED 202 203 153
ED 203 204 67
ED 204 205 101
ED 205 206 179
ED 206 207 99
ED 207 208 43
ED 208 209 125
ED 209 210 148
ED 210 211 100
ED 211 212 96
ED 212 213 116
ED 213 214 85
ED 214 215 145
ED 215 216 100
ED 216 217 104
ED 217 218 90
ED 218 219 129
ED 219 220 53
ED 220 221 145
ED 221 222 89
ED 222 223 120
ED 223 224 86
ED 224 225 87
ED 225 226 92
ED 226 227 166
ED 227 228 58
ED 228 229 102
ED 229 230 149
ED 230 231 114
ED 231 232 103
ED 232 233 131
ED 233 234 33
ED 234 235 179
ED 235 236 63
ED 236 237 102
ED 237 238 102
ED 238 239 173
ED 239 240 80
ED 240 241 55
ED 241 242 160
ED 242 243 106
ED 243 244 89
ED 244 245 133
ED 245 246 100
ED 246 247 131
ED 247 248 70
ED 248 249 125
ED 249 250 137
ED 250 251 34
ED 251 252 125
ED 252 253 142
ED 253 254 50
ED 254 255 119
ED 255 256 78
ED 256 257 91
ED 257 258 173
ED 258 259 66
ED 259 260 71
ED 260 261 172
ED 261 262 106
ED 262 263 50
ED 263 264 172
ED 264 265 106
ED 265 266 116
ED 266 267 29
ED 267 268 182
ED 268 269 36
ED 269 270 172
ED 270 271 54
ED 271 272 84
ED 272 273 109
ED 273 274 135
ED 274 275 70
ED 275 276 156
ED 276 277 102
ED 277 278 107
ED 278 279 73
ED 279 280 108
ED 280 281 73
ED 281 282 109
ED 282 283 154
ED 283 284 101
ED 284 285 92
ED 285 286 84
ED 286 287 131
ED 287 288 152
ED 288 289 117
ED 289 290 75
ED 290 291 101
ED 291 292 129
ED 292 293 107
ED 293 294 57
ED 294 295 131
ED 295 296 90
ED 296 297 78
ED 297 298 167
ED 298 299 65
ED 299 300 104
ED 300 301 128
ED 301 302 95
ED 302 303 100
ED 303 304 81
ED 304 305 142
ED 305 306 27
ED 306 307 136
ED 307 308 100
ED 308 309 93
ED 309 310 144
ED 310 311 90
ED 311 312 147
ED 312 313 118
ED 313 314 85
ED 314 315 139
ED 315 316 41
ED 316 317 100
ED 317 318 131
ED 318 319 128
ED 319 320 80
ED 320 321 71
ED 321 322 108
ED 322 323 162
ED 323 324 89
ED 324 325 65
ED 325 326 168
ED 326 327 87
ED 327 328 134
ED 328 329 78
ED 329 330 122
ED 330 331 92
ED 331 332 96
ED 332 333 143
ED 333 334 82
ED 334 335 135
ED 335 336 88
ED 336 337 139
ED 337 338 114
ED 338 339 104
ED 339 340 61
ED 340 341 144
ED 341 342 79
ED 342 343 92
ED 343 344 163
ED 344 345 53
ED 345 346 156
ED 346 347 104
ED 347 348 78
ED 348 349 104
ED 349 350 154
ED 350 351 37
ED 351 352 134
ED 352 353 145
ED 353 354 59
ED 354 355 94
ED 355 356 96
ED 356 357 160
ED 357 358 129
ED 358 359 35
ED 359 360 162
ED 360 361 74
ED 361 362 100
ED 362 363 88
ED 363 364 109
ED 364 365 114
ED 365 366 76
ED 366 367 158
ED 367 368 53
ED 368 369 157
ED 369 370 123
ED 370 371 89
ED 371 372 119
ED 372 373 96
ED 373 374 83
ED 374 375 104
ED 375 376 152
ED 376 377 34
ED 377 378 100
ED 378 379 157
ED 379 380 101
ED 380 381 60
ED 381 382 126
ED 382 383 83
ED 383 384 156
ED 384 385 53
ED 385 386 144
ED 386 387 55
ED 387 388 157
ED 388 389 60
ED 389 390 157
ED 390 391 87
ED 391 392 66
ED 392 393 161
ED 393 394 116
ED 394 395 74
ED 395 396 76
ED 396 397 118
ED 397 398 90
ED 398 399 149
DM 1 158 1000 
DM 2 227 1000 
ID 1 73 34 
SD 1 29
OD 1 364
