VC 25
EC 56
DMC 2
IC 1
SC 1
OC 1
NL 0
QN 1
ED 0 5 234
ED 0 1 179
ED 1 6 244
ED 1 2 162
ED 1 5 191
ED 2 7 210
ED 2 3 283
ED 3 8 214
ED 3 4 240
ED 3 7 204
ED 4 9 235
ED 5 10 134
ED 5 6 184
ED 6 11 183
ED 6 7 185
ED 6 10 173
ED 7 12 194
ED 7 8 218
ED 7 1 181
ED 8 13 146
ED 8 9 254
ED 8 12 93
ED 9 14 207
ED 9 3 138
ED 10 15 208
ED 10 11 236
ED 11 16 246
ED 11 12 209
ED 11 15 153
ED 12 17 230
ED 12 13 179
ED 12 6 179
ED 13 18 223
ED 13 14 161
ED 13 17 192
ED 14 19 215
ED 14 8 175
ED 15 20 245
ED 15 16 223
ED 16 21 200
ED 16 17 222
ED 16 20 163
ED 17 22 144
ED 17 18 192
ED 17 11 168
ED 18 23 168
ED 18 19 168
ED 18 22 142
ED 19 24 156
ED 19 13 174
ED 20 21 234
ED 21 22 255
ED 22 23 187
ED 22 16 183
ED 23 24 187
ED 24 18 141
DM 1 19 1000 
DM 2 7 1000 
ID 1 16 98 
SD 1 16
OD 1 20
