VC 100
EC 99
DMC 1
IC 1
SC 1
OC 1
NL 0
QN 1
ED 0 1 85
ED 1 2 108
ED 2 3 110
ED 3 4 89
ED 4 5 91
ED 5 6 105
ED 6 7 118
ED 7 8 119
ED 8 9 91
ED 9 10 126
ED 10 11 91
ED 11 12 108
ED 12 13 80
ED 13 14 75
ED 14 15 133
ED 15 16 109
ED 16 17 121
ED 17 18 112
ED 18 19 106
ED 19 20 90
ED 20 21 78
ED 21 22 120
ED 22 23 75
ED 23 24 132
ED 24 25 103
ED 25 26 90
ED 26 27 95
ED 27 28 107
ED 28 29 132
ED 29 30 59
ED 30 31 137
ED 31 32 79
ED 32 33 109
ED 33 34 92
ED 34 35 91
ED 35 36 168
ED 36 37 70
ED 37 38 97
ED 38 39 95
ED 39 40 126
ED 40 41 92
ED 41 42 145
ED 42 43 104
ED 43 44 106
ED 44 45 60
ED 45 46 111
ED 46 47 112
ED 47 48 153
ED 48 49 60
ED 49 50 94
ED 50 51 144
ED 51 52 124
ED 52 53 116
ED 53 54 70
ED 54 55 89
ED 55 56 111
ED 56 57 127
ED 57 58 107
ED 58 59 81
ED 59 60 87
ED 60 61 157
ED 61 62 60
ED 62 63 154
ED 63 64 83
ED 64 65 93
ED 65 66 131
ED 66 67 59
ED 67 68 140
ED 68 69 86
ED 69 70 87
ED 70 71 137
ED 71 72 65
ED 72 73 97
ED 73 74 177
ED 74 75 40
ED 75 76 156
ED 76 77 52
ED 77 78 139
ED 78 79 89
ED 79 80 99
ED 80 81 158
ED 81 82 56
ED 82 83 123
ED 83 84 107
ED 84 85 94
ED 85 86 130
ED 86 87 127
ED 87 88 62
ED 88 89 97
ED 89 90 140
ED 90 91 141
ED 91 92 83
ED 92 93 41
ED 93 94 111
ED 94 95 143
ED 95 96 102
ED 96 97 78
ED 97 98 138
ED 98 99 75
DM 1 83 1000 
ID 1 24 74 
SD 1 93
OD 1 81
