VC 100
EC 99
DMC 3
IC 1
DCC 2
OC 1
NL 0
QN 1
ED 0 1 100
ED 1 2 117
ED 2 3 87
ED 3 4 90
ED 4 5 110
ED 5 6 135
ED 6 7 138
ED 7 8 84
ED 8 9 99
ED 9 10 72
ED 10 11 137
ED 11 12 110
ED 12 13 107
ED 13 14 121
ED 14 15 91
ED 15 16 131
ED 16 17 55
ED 17 18 135
ED 18 19 127
ED 19 20 103
ED 20 21 49
ED 21 22 131
ED 22 23 67
ED 23 24 127
ED 24 25 103
ED 25 26 100
ED 26 27 166
ED 27 28 110
ED 28 29 62
ED 29 30 103
ED 30 31 139
ED 31 32 122
ED 32 33 86
ED 33 34 83
ED 34 35 87
ED 35 36 127
ED 36 37 106
ED 37 38 104
ED 38 39 105
ED 39 40 84
ED 40 41 100
ED 41 42 81
ED 42 43 147
ED 43 44 73
ED 44 45 129
ED 45 46 61
ED 46 47 122
ED 47 48 96
ED 48 49 89
ED 49 50 130
ED 50 51 126
ED 51 52 58
ED 52 53 127
ED 53 54 70
ED 54 55 120
ED 55 56 108
ED 56 57 76
ED 57 58 114
ED 58 59 159
ED 59 60 102
ED 60 61 88
ED 61 62 79
ED 62 63 128
ED 63 64 82
ED 64 65 98
ED 65 66 179
ED 66 67 56
ED 67 68 152
ED 68 69 119
ED 69 70 59
ED 70 71 127
ED 71 72 87
ED 72 73 119
ED 73 74 116
ED 74 75 77
ED 75 76 74
ED 76 77 143
ED 77 78 71
ED 78 79 133
ED 79 80 129
ED 80 81 31
ED 81 82 133
ED 82 83 90
ED 83 84 110
ED 84 85 118
ED 85 86 87
ED 86 87 89
ED 87 88 149
ED 88 89 111
ED 89 90 57
ED 90 91 89
ED 91 92 160
ED 92 93 107
ED 93 94 84
ED 94 95 140
ED 95 96 109
ED 96 97 76
ED 97 98 127
ED 98 99 49
DM 1 65 1000 
DM 2 58 1000 
DM 3 70 1000 
ID 1 41 86 
DCD 1 62
DCD 2 14
OD 1 8
