VC 25
EC 56
DMC 4
IC 1
DCC 3
OC 1
NL 0
QN 1
ED 0 5 215
ED 0 1 173
ED 1 6 196
ED 1 2 218
ED 1 5 145
ED 2 7 227
ED 2 3 274
ED 3 8 190
ED 3 4 243
ED 3 7 181
ED 4 9 214
ED 5 10 233
ED 5 6 179
ED 6 11 257
ED 6 7 172
ED 6 10 252
ED 7 12 180
ED 7 8 215
ED 7 1 162
ED 8 13 166
ED 8 9 219
ED 8 12 150
ED 9 14 197
ED 9 3 84
ED 10 15 202
ED 10 11 266
ED 11 16 191
ED 11 12 228
ED 11 15 233
ED 12 17 212
ED 12 13 242
ED 12 6 117
ED 13 18 245
ED 13 14 182
ED 13 17 221
ED 14 19 268
ED 14 8 154
ED 15 20 147
ED 15 16 259
ED 16 21 202
ED 16 17 203
ED 16 20 211
ED 17 22 222
ED 17 18 278
ED 17 11 86
ED 18 23 197
ED 18 19 149
ED 18 22 176
ED 19 24 168
ED 19 13 151
ED 20 21 271
ED 21 22 219
ED 22 23 176
ED 22 16 133
ED 23 24 263
ED 24 18 149
DM 1 20 1000 
DM 2 5 1000 
DM 3 12 1000 
DM 4 9 1000 
ID 1 82 25 
DCD 1 10
DCD 2 23
DCD 3 11
OD 1 2
