VC 400
EC 760
DMC 2
IC 1
DCC 3
OC 1
NL 0
QN 1
ED 0 20 56
ED 0 1 43
ED 1 21 56
ED 1 2 36
ED 2 22 73
ED 2 3 27
ED 3 23 30
ED 3 4 47
ED 4 24 54
ED 4 5 71
ED 5 25 71
ED 5 6 12
ED 6 26 16
ED 6 7 40
ED 7 27 45
ED 7 8 55
ED 8 28 56
ED 8 9 10
ED 9 29 34
ED 9 10 34
ED 10 30 61
ED 10 11 35
ED 11 31 39
ED 11 12 59
ED 12 32 56
ED 12 13 57
ED 13 33 39
ED 13 14 57
ED 14 34 62
ED 14 15 72
ED 15 35 71
ED 15 16 50
ED 16 36 30
ED 16 17 39
ED 17 37 43
ED 17 18 25
ED 18 38 61
ED 18 19 15
ED 19 39 11
ED 20 40 16
ED 20 21 86
ED 21 41 61
ED 21 22 34
ED 22 42 21
ED 22 23 73
ED 23 43 31
ED 23 24 29
ED 24 44 29
ED 24 25 52
ED 25 45 22
ED 25 26 68
ED 26 46 46
ED 26 27 72
ED 27 47 60
ED 27 28 36
ED 28 48 43
ED 28 29 54
ED 29 49 52
ED 29 30 42
ED 30 50 27
ED 30 31 35
ED 31 51 74
ED 31 32 65
ED 32 52 68
ED 32 33 44
ED 33 53 46
ED 33 34 61
ED 34 54 66
ED 34 35 61
ED 35 55 59
ED 35 36 53
ED 36 56 43
ED 36 37 39
ED 37 57 44
ED 37 38 52
ED 38 58 38
ED 38 39 43
ED 39 59 24
ED 40 60 77
ED 40 41 56
ED 41 61 8
ED 41 42 35
ED 42 62 23
ED 42 43 43
ED 43 63 34
ED 43 44 29
ED 44 64 55
ED 44 45 22
ED 45 65 35
ED 45 46 54
ED 46 66 11
ED 46 47 53
ED 47 67 22
ED 47 48 50
ED 48 68 53
ED 48 49 29
ED 49 69 26
ED 49 50 61
ED 50 70 37
ED 50 51 62
ED 51 71 75
ED 51 52 94
ED 52 72 55
ED 52 53 35
ED 53 73 31
ED 53 54 51
ED 54 74 82
ED 54 55 61
ED 55 75 42
ED 55 56 15
ED 56 76 39
ED 56 57 64
ED 57 77 72
ED 57 58 54
ED 58 78 53
ED 58 59 33
ED 59 79 33
ED 60 80 52
ED 60 61 55
ED 61 81 66
ED 61 62 19
ED 62 82 58
ED 62 63 57
ED 63 83 42
ED 63 64 36
ED 64 84 12
ED 64 65 8
ED 65 85 33
ED 65 66 22
ED 66 86 26
ED 66 67 42
ED 67 87 54
ED 67 68 44
ED 68 88 37
ED 68 69 63
ED 69 89 21
ED 69 70 22
ED 70 90 37
ED 70 71 54
ED 71 91 42
ED 71 72 42
ED 72 92 16
ED 72 73 55
ED 73 93 47
ED 73 74 33
ED 74 94 6
ED 74 75 71
ED 75 95 35
ED 75 76 46
ED 76 96 41
ED 76 77 46
ED 77 97 65
ED 77 78 65
ED 78 98 59
ED 78 79 45
ED 79 99 30
ED 80 100 22
ED 80 81 53
ED 81 101 64
ED 81 82 68
ED 82 102 70
ED 82 83 59
ED 83 103 52
ED 83 84 31
ED 84 104 50
ED 84 85 29
ED 85 105 14
ED 85 86 33
ED 86 106 25
ED 86 87 36
ED 87 107 53
ED 87 88 27
ED 88 108 24
ED 88 89 19
ED 89 109 28
ED 89 90 34
ED 90 110 51
ED 90 91 14
ED 91 111 7
ED 91 92 9
ED 92 112 41
ED 92 93 18
ED 93 113 4
ED 93 94 29
ED 94 114 55
ED 94 95 38
ED 95 115 25
ED 95 96 31
ED 96 116 57
ED 96 97 22
ED 97 117 51
ED 97 98 59
ED 98 118 41
ED 98 99 44
ED 99 119 19
ED 100 120 39
ED 100 101 46
ED 101 121 40
ED 101 102 67
ED 102 122 22
ED 102 103 63
ED 103 123 52
ED 103 104 75
ED 104 124 38
ED 104 105 12
ED 105 125 66
ED 105 106 19
ED 106 126 43
ED 106 107 38
ED 107 127 74
ED 107 108 51
ED 108 128 22
ED 108 109 45
ED 109 129 39
ED 109 110 44
ED 110 130 14
ED 110 111 66
ED 111 131 15
ED 111 112 41
ED 112 132 8
ED 112 113 20
ED 113 133 37
ED 113 114 29
ED 114 134 70
ED 114 115 64
ED 115 135 60
ED 115 116 49
ED 116 136 71
ED 116 117 59
ED 117 137 31
ED 117 118 37
ED 118 138 63
ED 118 119 59
ED 119 139 73
ED 120 140 61
ED 120 121 66
ED 121 141 21
ED 121 122 36
ED 122 142 38
ED 122 123 34
ED 123 143 60
ED 123 124 50
ED 124 144 46
ED 124 125 49
ED 125 145 48
ED 125 126 64
ED 126 146 32
ED 126 127 77
ED 127 147 65
ED 127 128 48
ED 128 148 31
ED 128 129 25
ED 129 149 15
ED 129 130 45
ED 130 150 70
ED 130 131 73
ED 131 151 76
ED 131 132 60
ED 132 152 93
ED 132 133 64
ED 133 153 32
ED 133 134 75
ED 134 154 21
ED 134 135 73
ED 135 155 41
ED 135 136 15
ED 136 156 65
ED 136 137 69
ED 137 157 71
ED 137 138 50
ED 138 158 73
ED 138 139 77
ED 139 159 59
ED 140 160 60
ED 140 141 29
ED 141 161 28
ED 141 142 51
ED 142 162 36
ED 142 143 18
ED 143 163 52
ED 143 144 59
ED 144 164 44
ED 144 145 39
ED 145 165 13
ED 145 146 10
ED 146 166 44
ED 146 147 16
ED 147 167 29
ED 147 148 7
ED 148 168 19
ED 148 149 39
ED 149 169 49
ED 149 150 53
ED 150 170 41
ED 150 151 69
ED 151 171 64
ED 151 152 54
ED 152 172 63
ED 152 153 54
ED 153 173 25
ED 153 154 36
ED 154 174 56
ED 154 155 38
ED 155 175 26
ED 155 156 15
ED 156 176 40
ED 156 157 61
ED 157 177 33
ED 157 158 72
ED 158 178 37
ED 158 159 74
ED 159 179 30
ED 160 180 39
ED 160 161 71
ED 161 181 31
ED 161 162 41
ED 162 182 12
ED 162 163 10
ED 163 183 21
ED 163 164 35
ED 164 184 73
ED 164 165 50
ED 165 185 47
ED 165 166 45
ED 166 186 75
ED 166 167 46
ED 167 187 57
ED 167 168 19
ED 168 188 39
ED 168 169 31
ED 169 189 70
ED 169 170 11
ED 170 190 61
ED 170 171 48
ED 171 191 55
ED 171 172 27
ED 172 192 42
ED 172 173 18
ED 173 193 51
ED 173 174 55
ED 174 194 67
ED 174 175 36
ED 175 195 44
ED 175 176 1
ED 176 196 34
ED 176 177 14
ED 177 197 18
ED 177 178 30
ED 178 198 56
ED 178 179 70
ED 179 199 32
ED 180 200 19
ED 180 181 20
ED 181 201 46
ED 181 182 21
ED 182 202 73
ED 182 183 27
ED 183 203 58
ED 183 184 58
ED 184 204 76
ED 184 185 48
ED 185 205 3
ED 185 186 19
ED 186 206 75
ED 186 187 41
ED 187 207 18
ED 187 188 3
ED 188 208 44
ED 188 189 51
ED 189 209 41
ED 189 190 22
ED 190 210 59
ED 190 191 46
ED 191 211 34
ED 191 192 26
ED 192 212 10
ED 192 193 68
ED 193 213 74
ED 193 194 36
ED 194 214 42
ED 194 195 10
ED 195 215 65
ED 195 196 53
ED 196 216 10
ED 196 197 13
ED 197 217 26
ED 197 198 42
ED 198 218 7
ED 198 199 36
ED 199 219 19
ED 200 220 31
ED 200 201 36
ED 201 221 43
ED 201 202 28
ED 202 222 38
ED 202 203 51
ED 203 223 54
ED 203 204 75
ED 204 224 51
ED 204 205 58
ED 205 225 69
ED 205 206 74
ED 206 226 38
ED 206 207 61
ED 207 227 63
ED 207 208 40
ED 208 228 38
ED 208 209 29
ED 209 229 65
ED 209 210 6
ED 210 230 53
ED 210 211 30
ED 211 231 43
ED 211 212 17
ED 212 232 45
ED 212 213 41
ED 213 233 86
ED 213 214 74
ED 214 234 83
ED 214 215 91
ED 215 235 45
ED 215 216 24
ED 216 236 16
ED 216 217 28
ED 217 237 47
ED 217 218 24
ED 218 238 17
ED 218 219 62
ED 219 239 27
ED 220 240 57
ED 220 221 19
ED 221 241 38
ED 221 222 18
ED 222 242 44
ED 222 223 38
ED 223 243 31
ED 223 224 18
ED 224 244 22
ED 224 225 10
ED 225 245 60
ED 225 226 47
ED 226 246 74
ED 226 227 7
ED 227 247 27
ED 227 228 51
ED 228 248 21
ED 228 229 7
ED 229 249 42
ED 229 230 10
ED 230 250 28
ED 230 231 32
ED 231 251 36
ED 231 232 20
ED 232 252 39
ED 232 233 58
ED 233 253 36
ED 233 234 63
ED 234 254 21
ED 234 235 20
ED 235 255 16
ED 235 236 22
ED 236 256 40
ED 236 237 24
ED 237 257 55
ED 237 238 45
ED 238 258 24
ED 238 239 21
ED 239 259 55
ED 240 260 16
ED 240 241 70
ED 241 261 64
ED 241 242 63
ED 242 262 27
ED 242 243 49
ED 243 263 28
ED 243 244 38
ED 244 264 68
ED 244 245 67
ED 245 265 29
ED 245 246 67
ED 246 266 31
ED 246 247 41
ED 247 267 43
ED 247 248 53
ED 248 268 61
ED 248 249 56
ED 249 269 22
ED 249 250 58
ED 250 270 41
ED 250 251 29
ED 251 271 52
ED 251 252 59
ED 252 272 25
ED 252 253 35
ED 253 273 42
ED 253 254 23
ED 254 274 24
ED 254 255 17
ED 255 275 26
ED 255 256 34
ED 256 276 46
ED 256 257 24
ED 257 277 26
ED 257 258 27
ED 258 278 77
ED 258 259 48
ED 259 279 41
ED 260 280 33
ED 260 261 6
ED 261 281 47
ED 261 262 41
ED 262 282 48
ED 262 263 38
ED 263 283 20
ED 263 264 32
ED 264 284 63
ED 264 265 30
ED 265 285 50
ED 265 266 56
ED 266 286 12
ED 266 267 33
ED 267 287 47
ED 267 268 29
ED 268 288 80
ED 268 269 52
ED 269 289 38
ED 269 270 23
ED 270 290 16
ED 270 271 35
ED 271 291 31
ED 271 272 28
ED 272 292 49
ED 272 273 12
ED 273 293 59
ED 273 274 24
ED 274 294 40
ED 274 275 13
ED 275 295 41
ED 275 276 24
ED 276 296 29
ED 276 277 52
ED 277 297 11
ED 277 278 76
ED 278 298 51
ED 278 279 77
ED 279 299 16
ED 280 300 53
ED 280 281 17
ED 281 301 5
ED 281 282 52
ED 282 302 21
ED 282 283 58
ED 283 303 73
ED 283 284 56
ED 284 304 34
ED 284 285 43
ED 285 305 37
ED 285 286 15
ED 286 306 46
ED 286 287 57
ED 287 307 7
ED 287 288 36
ED 288 308 37
ED 288 289 69
ED 289 309 9
ED 289 290 36
ED 290 310 13
ED 290 291 44
ED 291 311 49
ED 291 292 44
ED 292 312 13
ED 292 293 36
ED 293 313 12
ED 293 294 61
ED 294 314 24
ED 294 295 94
ED 295 315 65
ED 295 296 45
ED 296 316 18
ED 296 297 17
ED 297 317 37
ED 297 298 60
ED 298 318 18
ED 298 299 46
ED 299 319 52
ED 300 320 23
ED 300 301 64
ED 301 321 63
ED 301 302 71
ED 302 322 64
ED 302 303 54
ED 303 323 28
ED 303 304 66
ED 304 324 41
ED 304 305 32
ED 305 325 38
ED 305 306 28
ED 306 326 28
ED 306 307 41
ED 307 327 17
ED 307 308 38
ED 308 328 66
ED 308 309 59
ED 309 329 58
ED 309 310 53
ED 310 330 50
ED 310 311 60
ED 311 331 15
ED 311 312 30
ED 312 332 27
ED 312 313 16
ED 313 333 23
ED 313 314 58
ED 314 334 29
ED 314 315 22
ED 315 335 39
ED 315 316 48
ED 316 336 18
ED 316 317 49
ED 317 337 5
ED 317 318 20
ED 318 338 81
ED 318 319 40
ED 319 339 26
ED 320 340 49
ED 320 321 27
ED 321 341 30
ED 321 322 64
ED 322 342 14
ED 322 323 36
ED 323 343 47
ED 323 324 56
ED 324 344 36
ED 324 325 50
ED 325 345 12
ED 325 326 33
ED 326 346 48
ED 326 327 14
ED 327 347 19
ED 327 328 38
ED 328 348 66
ED 328 329 59
ED 329 349 46
ED 329 330 31
ED 330 350 40
ED 330 331 14
ED 331 351 41
ED 331 332 17
ED 332 352 49
ED 332 333 42
ED 333 353 72
ED 333 334 36
ED 334 354 51
ED 334 335 35
ED 335 355 14
ED 335 336 44
ED 336 356 49
ED 336 337 50
ED 337 357 8
ED 337 338 64
ED 338 358 75
ED 338 339 59
ED 339 359 31
ED 340 360 21
ED 340 341 66
ED 341 361 49
ED 341 342 57
ED 342 362 46
ED 342 343 13
ED 343 363 42
ED 343 344 66
ED 344 364 82
ED 344 345 76
ED 345 365 63
ED 345 346 77
ED 346 366 61
ED 346 347 29
ED 347 367 49
ED 347 348 46
ED 348 368 26
ED 348 349 43
ED 349 369 5
ED 349 350 27
ED 350 370 12
ED 350 351 13
ED 351 371 61
ED 351 352 2
ED 352 372 82
ED 352 353 85
ED 353 373 72
ED 353 354 73
ED 354 374 41
ED 354 355 49
ED 355 375 43
ED 355 356 15
ED 356 376 25
ED 356 357 17
ED 357 377 14
ED 357 358 15
ED 358 378 57
ED 358 359 15
ED 359 379 46
ED 360 380 50
ED 360 361 8
ED 361 381 54
ED 361 362 46
ED 362 382 55
ED 362 363 44
ED 363 383 49
ED 363 364 7
ED 364 384 22
ED 364 365 62
ED 365 385 32
ED 365 366 61
ED 366 386 42
ED 366 367 33
ED 367 387 45
ED 367 368 43
ED 368 388 31
ED 368 369 15
ED 369 389 18
ED 369 370 44
ED 370 390 70
ED 370 371 60
ED 371 391 25
ED 371 372 37
ED 372 392 63
ED 372 373 72
ED 373 393 38
ED 373 374 38
ED 374 394 33
ED 374 375 26
ED 375 395 17
ED 375 376 40
ED 376 396 9
ED 376 377 13
ED 377 397 69
ED 377 378 32
ED 378 398 33
ED 378 379 67
ED 379 399 20
ED 380 381 40
ED 381 382 42
ED 382 383 66
ED 383 384 33
ED 384 385 44
ED 385 386 41
ED 386 387 25
ED 387 388 31
ED 388 389 12
ED 389 390 28
ED 390 391 38
ED 391 392 64
ED 392 393 17
ED 393 394 37
ED 394 395 12
ED 395 396 31
ED 396 397 77
ED 397 398 56
ED 398 399 44
DM 1 309 1000 
DM 2 59 1000 
ID 1 39 87 
DCD 1 108
DCD 2 171
DCD 3 109
OD 1 174
