VC 400
EC 399
DMC 4
IC 1
DCC 3
OC 1
NL 0
QN 1
ED 0 1 125
ED 1 2 83
ED 2 3 144
ED 3 4 80
ED 4 5 154
ED 5 6 72
ED 6 7 128
ED 7 8 99
ED 8 9 96
ED 9 10 76
ED 10 11 125
ED 11 12 152
ED 12 13 94
ED 13 14 50
ED 14 15 166
ED 15 16 46
ED 16 17 128
ED 17 18 125
ED 18 19 75
ED 19 20 102
ED 20 21 80
ED 21 22 97
ED 22 23 164
ED 23 24 92
ED 24 25 98
ED 25 26 72
ED 26 27 136
ED 27 28 113
ED 28 29 109
ED 29 30 100
ED 30 31 105
ED 31 32 65
ED 32 33 150
ED 33 34 98
ED 34 35 89
ED 35 36 101
ED 36 37 155
ED 37 38 113
ED 38 39 28
ED 39 40 144
ED 40 41 122
ED 41 42 100
ED 42 43 82
ED 43 44 117
ED 44 45 107
ED 45 46 125
ED 46 47 77
ED 47 48 143
ED 48 49 85
ED 49 50 104
ED 50 51 51
ED 51 52 113
ED 52 53 165
ED 53 54 65
ED 54 55 87
ED 55 56 131
ED 56 57 61
ED 57 58 134
ED 58 59 129
ED 59 60 104
ED 60 61 71
ED 61 62 98
ED 62 63 142
ED 63 64 53
ED 64 65 172
ED 65 66 44
ED 66 67 132
ED 67 68 81
ED 68 69 156
ED 69 70 75
ED 70 71 79
ED 71 72 109
ED 72 73 114
ED 73 74 129
ED 74 75 126
ED 75 76 71
ED 76 77 137
ED 77 78 48
ED 78 79 131
ED 79 80 99
ED 80 81 116
ED 81 82 108
ED 82 83 109
ED 83 84 92
ED 84 85 56
ED 85 86 121
ED 86 87 98
ED 87 88 161
ED 88 89 97
ED 89 90 113
ED 90 91 115
ED 91 92 53
ED 92 93 84
ED 93 94 161
ED 94 95 76
ED 95 96 104
ED 96 97 95
ED 97 98 133
ED 98 99 64
ED 99 100 110
ED 100 101 100
ED 101 102 138
ED 102 103 110
ED 103 104 61
ED 104 105 82
ED 105 106 119
ED 106 107 152
ED 107 108 118
ED 108 109 105
ED 109 110 72
ED 110 111 74
ED 111 112 139
ED 112 113 121
ED 113 114 127
ED 114 115 50
ED 115 116 126
ED 116 117 144
ED 117 118 45
ED 118 119 140
ED 119 120 106
ED 120 121 81
ED 121 122 91
ED 122 123 141
ED 123 124 92
ED 124 125 120
ED 125 126 124
ED 126 127 87
ED 127 128 99
ED 128 129 95
ED 129 130 84
ED 130 131 141
ED 131 132 93
ED 132 133 124
ED 133 134 85
ED 134 135 117
ED 135 136 161
ED 136 137 71
ED 137 138 95
ED 138 139 67
ED 139 140 146
ED 140 141 83
ED 141 142 86
ED 142 143 165
ED 143 144 52
ED 144 145 108
ED 145 146 142
ED 146 147 101
ED 147 148 96
ED 148 149 94
ED 149 150 108
ED 150 151 81
ED 151 152 107
ED 152 153 98
ED 153 154 158
ED 154 155 56
ED 155 156 102
ED 156 157 140
ED 157 158 45
ED 158 159 171
ED 159 160 102
ED 160 161 73
ED 161 162 160
ED 162 163 92
ED 163 164 92
ED 164 165 86
ED 165 166 136
ED 166 167 123
ED 167 168 85
ED 168 169 96
ED 169 170 105
ED 170 171 105
ED 171 172 88
ED 172 173 75
ED 173 174 98
ED 174 175 146
ED 175 176 57
ED 176 177 123
ED 177 178 147
ED 178 179 132
ED 179 180 97
ED 180 181 70
ED 181 182 79
ED 182 183 116
ED 183 184 154
ED 184 185 94
ED 185 186 101
ED 186 187 98
ED 187 188 110
ED 188 189 73
ED 189 190 112
ED 190 191 129
ED 191 192 67
ED 192 193 119
ED 193 194 125
ED 194 195 102
ED 195 196 131
ED 196 197 100
ED 197 198 59
ED 198 199 116
ED 199 200 143
ED 200 201 109
ED 201 202 62
ED 202 203 107
ED 203 204 105
ED 204 205 107
ED 205 206 140
ED 206 207 87
ED 207 208 157
ED 208 209 69
ED 209 210 106
ED 210 211 130
ED 211 212 99
ED 212 213 101
ED 213 214 92
ED 214 215 117
ED 215 216 79
ED 216 217 87
ED 217 218 122
ED 218 219 72
ED 219 220 125
ED 220 221 106
ED 221 222 155
ED 222 223 81
ED 223 224 149
ED 224 225 136
ED 225 226 97
ED 226 227 52
ED 227 228 175
ED 228 229 60
ED 229 230 107
ED 230 231 93
ED 231 232 144
ED 232 233 63
ED 233 234 164
ED 234 235 39
ED 235 236 165
ED 236 237 97
ED 237 238 128
ED 238 239 130
ED 239 240 91
ED 240 241 63
ED 241 242 115
ED 242 243 87
ED 243 244 125
ED 244 245 76
ED 245 246 104
ED 246 247 127
ED 247 248 135
ED 248 249 85
ED 249 250 138
ED 250 251 110
ED 251 252 59
ED 252 253 109
ED 253 254 96
ED 254 255 149
ED 255 256 120
ED 256 257 88
ED 257 258 64
ED 258 259 106
ED 259 260 136
ED 260 261 101
ED 261 262 71
ED 262 263 106
ED 263 264 140
ED 264 265 132
ED 265 266 83
ED 266 267 67
ED 267 268 129
ED 268 269 131
ED 269 270 68
ED 270 271 108
ED 271 272 86
ED 272 273 141
ED 273 274 126
ED 274 275 28
ED 275 276 129
ED 276 277 114
ED 277 278 114
ED 278 279 98
ED 279 280 70
ED 280 281 135
ED 281 282 113
ED 282 283 129
ED 283 284 48
ED 284 285 130
ED 285 286 145
ED 286 287 28
ED 287 288 125
ED 288 289 142
ED 289 290 75
ED 290 291 115
ED 291 292 99
ED 292 293 129
ED 293 294 55
ED 294 295 132
ED 295 296 75
ED 296 297 112
ED 297 298 132
ED 298 299 90
ED 299 300 129
ED 300 301 79
ED 301 302 99
ED 302 303 92
ED 303 304 161
ED 304 305 75
ED 305 306 88
ED 306 307 137
ED 307 308 48
ED 308 309 89
ED 309 310 163
ED 310 311 109
ED 311 312 71
ED 312 313 129
ED 313 314 81
ED 314 315 89
ED 315 316 133
ED 316 317 108
ED 317 318 107
ED 318 319 107
ED 319 320 110
ED 320 321 42
ED 321 322 177
ED 322 323 69
ED 323 324 133
ED 324 325 49
ED 325 326 154
ED 326 327 42
ED 327 328 142
ED 328 329 62
ED 329 330 141
ED 330 331 96
ED 331 332 104
ED 332 333 124
ED 333 334 90
ED 334 335 136
ED 335 336 121
ED 336 337 74
ED 337 338 119
ED 338 339 67
ED 339 340 121
ED 340 341 100
ED 341 342 164
ED 342 343 79
ED 343 344 143
ED 344 345 120
ED 345 346 81
ED 346 347 85
ED 347 348 156
ED 348 349 64
ED 349 350 94
ED 350 351 99
ED 351 352 85
ED 352 353 126
ED 353 354 108
ED 354 355 119
ED 355 356 103
ED 356 357 142
ED 357 358 87
ED 358 359 130
ED 359 360 94
ED 360 361 110
ED 361 362 102
ED 362 363 79
ED 363 364 95
ED 364 365 98
ED 365 366 98
ED 366 367 129
ED 367 368 108
ED 368 369 133
ED 369 370 66
ED 370 371 89
ED 371 372 173
ED 372 373 91
ED 373 374 120
ED 374 375 52
ED 375 376 108
ED 376 377 84
ED 377 378 115
ED 378 379 101
ED 379 380 107
ED 380 381 117
ED 381 382 122
ED 382 383 115
ED 383 384 62
ED 384 385 137
ED 385 386 91
ED 386 387 109
ED 387 388 78
ED 388 389 154
ED 389 390 89
ED 390 391 67
ED 391 392 136
ED 392 393 103
ED 393 394 70
ED 394 395 144
ED 395 396 119
ED 396 397 109
ED 397 398 94
ED 398 399 101
DM 1 153 1000 
DM 2 91 1000 
DM 3 9 1000 
DM 4 389 1000 
ID 1 96 86 
DCD 1 147
DCD 2 237
DCD 3 170
OD 1 353
