VC 100
EC 180
DMC 5
IC 1
DCC 2
OC 1
NL 0
QN 1
ED 0 10 72
ED 0 1 41
ED 1 11 22
ED 1 2 29
ED 2 12 67
ED 2 3 47
ED 3 13 27
ED 3 4 33
ED 4 14 88
ED 4 5 73
ED 5 15 53
ED 5 6 37
ED 6 16 47
ED 6 7 9
ED 7 17 34
ED 7 8 15
ED 8 18 47
ED 8 9 53
ED 9 19 11
ED 10 20 12
ED 10 11 33
ED 11 21 61
ED 11 12 37
ED 12 22 75
ED 12 13 33
ED 13 23 36
ED 13 14 59
ED 14 24 56
ED 14 15 66
ED 15 25 30
ED 15 16 34
ED 16 26 20
ED 16 17 42
ED 17 27 47
ED 17 18 29
ED 18 28 48
ED 18 19 37
ED 19 29 40
ED 20 30 41
ED 20 21 81
ED 21 31 12
ED 21 22 27
ED 22 32 48
ED 22 23 50
ED 23 33 55
ED 23 24 45
ED 24 34 75
ED 24 25 27
ED 25 35 66
ED 25 26 38
ED 26 36 40
ED 26 27 25
ED 27 37 40
ED 27 28 12
ED 28 38 25
ED 28 29 51
ED 29 39 42
ED 30 40 42
ED 30 31 46
ED 31 41 56
ED 31 32 19
ED 32 42 63
ED 32 33 2
ED 33 43 11
ED 33 34 31
ED 34 44 86
ED 34 35 50
ED 35 45 43
ED 35 36 14
ED 36 46 31
ED 36 37 88
ED 37 47 6
ED 37 38 47
ED 38 48 17
ED 38 39 28
ED 39 49 50
ED 40 50 20
ED 40 41 52
ED 41 51 39
ED 41 42 22
ED 42 52 30
ED 42 43 52
ED 43 53 38
ED 43 44 68
ED 44 54 31
ED 44 45 51
ED 45 55 23
ED 45 46 42
ED 46 56 22
ED 46 47 78
ED 47 57 66
ED 47 48 30
ED 48 58 36
ED 48 49 38
ED 49 59 49
ED 50 60 54
ED 50 51 39
ED 51 61 35
ED 51 52 51
ED 52 62 65
ED 52 53 22
ED 53 63 52
ED 53 54 22
ED 54 64 35
ED 54 55 45
ED 55 65 46
ED 55 56 53
ED 56 66 20
ED 56 57 56
ED 57 67 72
ED 57 58 60
ED 58 68 30
ED 58 59 16
ED 59 69 65
ED 60 70 20
ED 60 61 35
ED 61 71 41
ED 61 62 44
ED 62 72 65
ED 62 63 67
ED 63 73 72
ED 63 64 15
ED 64 74 56
ED 64 65 36
ED 65 75 35
ED 65 66 2
ED 66 76 62
ED 66 67 57
ED 67 77 71
ED 67 68 76
ED 68 78 70
ED 68 69 51
ED 69 79 57
ED 70 80 44
ED 70 71 61
ED 71 81 34
ED 71 72 20
ED 72 82 45
ED 72 73 66
ED 73 83 68
ED 73 74 84
ED 74 84 44
ED 74 75 59
ED 75 85 43
ED 75 76 37
ED 76 86 35
ED 76 77 52
ED 77 87 8
ED 77 78 64
ED 78 88 17
ED 78 79 32
ED 79 89 58
ED 80 90 32
ED 80 81 30
ED 81 91 62
ED 81 82 56
ED 82 92 36
ED 82 83 35
ED 83 93 31
ED 83 84 22
ED 84 94 41
ED 84 85 40
ED 85 95 37
ED 85 86 50
ED 86 96 55
ED 86 87 60
ED 87 97 64
ED 87 88 80
ED 88 98 44
ED 88 89 66
ED 89 99 38
ED 90 91 45
ED 91 92 40
ED 92 93 35
ED 93 94 70
ED 94 95 40
ED 95 96 76
ED 96 97 64
ED 97 98 35
ED 98 99 48
DM 1 97 1000 
DM 2 64 1000 
DM 3 63 1000 
DM 4 78 1000 
DM 5 56 1000 
ID 1 54 7 
DCD 1 42
DCD 2 33
OD 1 65
