VC 100
EC 261
DMC 3
IC 1
DCC 3
OC 1
NL 0
QN 1
ED 0 10 214
ED 0 1 212
ED 1 11 251
ED 1 2 172
ED 1 10 180
ED 2 12 153
ED 2 3 162
ED 3 13 201
ED 3 4 228
ED 3 12 156
ED 4 14 138
ED 4 5 180
ED 5 15 198
ED 5 6 257
ED 5 14 158
ED 6 16 219
ED 6 7 213
ED 7 17 176
ED 7 8 232
ED 7 16 165
ED 8 18 196
ED 8 9 157
ED 9 19 192
ED 9 18 171
ED 10 20 227
ED 10 11 263
ED 11 21 205
ED 11 12 217
ED 11 20 221
ED 12 22 220
ED 12 13 274
ED 12 1 110
ED 13 23 257
ED 13 14 190
ED 13 22 214
ED 14 24 265
ED 14 15 235
ED 14 3 179
ED 15 25 154
ED 15 16 224
ED 15 24 180
ED 16 26 180
ED 16 17 216
ED 16 5 138
ED 17 27 169
ED 17 18 185
ED 17 26 141
ED 18 28 171
ED 18 19 227
ED 18 7 129
ED 19 29 246
ED 19 28 161
ED 20 30 216
ED 20 21 244
ED 21 31 163
ED 21 22 227
ED 21 30 138
ED 22 32 203
ED 22 23 232
ED 22 11 98
ED 23 33 179
ED 23 24 209
ED 23 32 144
ED 24 34 169
ED 24 25 194
ED 24 13 136
ED 25 35 260
ED 25 26 215
ED 25 34 177
ED 26 36 215
ED 26 27 214
ED 26 15 178
ED 27 37 238
ED 27 28 189
ED 27 36 218
ED 28 38 243
ED 28 29 245
ED 28 17 166
ED 29 39 143
ED 29 38 190
ED 30 40 194
ED 30 31 201
ED 31 41 211
ED 31 32 164
ED 31 40 214
ED 32 42 185
ED 32 33 221
ED 32 21 125
ED 33 43 162
ED 33 34 231
ED 33 42 141
ED 34 44 203
ED 34 35 222
ED 34 23 182
ED 35 45 181
ED 35 36 236
ED 35 44 164
ED 36 46 219
ED 36 37 233
ED 36 25 151
ED 37 47 172
ED 37 38 179
ED 37 46 157
ED 38 48 230
ED 38 39 197
ED 38 27 138
ED 39 49 278
ED 39 48 202
ED 40 50 227
ED 40 41 198
ED 41 51 230
ED 41 42 214
ED 41 50 169
ED 42 52 218
ED 42 43 193
ED 42 31 105
ED 43 53 249
ED 43 44 199
ED 43 52 167
ED 44 54 203
ED 44 45 224
ED 44 33 166
ED 45 55 217
ED 45 46 226
ED 45 54 195
ED 46 56 210
ED 46 47 200
ED 46 35 178
ED 47 57 217
ED 47 48 133
ED 47 56 231
ED 48 58 131
ED 48 49 236
ED 48 37 166
ED 49 59 170
ED 49 58 202
ED 50 60 169
ED 50 51 206
ED 51 61 187
ED 51 52 197
ED 51 60 184
ED 52 62 199
ED 52 53 233
ED 52 41 136
ED 53 63 202
ED 53 54 208
ED 53 62 115
ED 54 64 232
ED 54 55 261
ED 54 43 173
ED 55 65 161
ED 55 56 196
ED 55 64 137
ED 56 66 220
ED 56 57 236
ED 56 45 139
ED 57 67 205
ED 57 58 191
ED 57 66 191
ED 58 68 276
ED 58 59 217
ED 58 47 112
ED 59 69 207
ED 59 68 148
ED 60 70 232
ED 60 61 218
ED 61 71 168
ED 61 62 229
ED 61 70 172
ED 62 72 231
ED 62 63 232
ED 62 51 143
ED 63 73 158
ED 63 64 224
ED 63 72 203
ED 64 74 193
ED 64 65 172
ED 64 53 225
ED 65 75 246
ED 65 66 175
ED 65 74 184
ED 66 76 144
ED 66 67 184
ED 66 55 160
ED 67 77 172
ED 67 68 173
ED 67 76 190
ED 68 78 138
ED 68 69 168
ED 68 57 175
ED 69 79 201
ED 69 78 157
ED 70 80 205
ED 70 71 192
ED 71 81 203
ED 71 72 136
ED 71 80 231
ED 72 82 160
ED 72 73 201
ED 72 61 130
ED 73 83 212
ED 73 74 204
ED 73 82 173
ED 74 84 200
ED 74 75 198
ED 74 63 161
ED 75 85 155
ED 75 76 254
ED 75 84 146
ED 76 86 248
ED 76 77 228
ED 76 65 107
ED 77 87 256
ED 77 78 186
ED 77 86 154
ED 78 88 247
ED 78 79 248
ED 78 67 137
ED 79 89 184
ED 79 88 168
ED 80 90 195
ED 80 81 224
ED 81 91 209
ED 81 82 167
ED 81 90 249
ED 82 92 255
ED 82 83 266
ED 82 71 110
ED 83 93 202
ED 83 84 149
ED 83 92 191
ED 84 94 161
ED 84 85 185
ED 84 73 188
ED 85 95 202
ED 85 86 233
ED 85 94 177
ED 86 96 176
ED 86 87 170
ED 86 75 208
ED 87 97 233
ED 87 88 258
ED 87 96 93
ED 88 98 163
ED 88 89 174
ED 88 77 214
ED 89 99 255
ED 89 98 166
ED 90 91 236
ED 91 92 175
ED 92 93 140
ED 92 81 170
ED 93 94 200
ED 94 95 205
ED 94 83 99
ED 95 96 259
ED 96 97 256
ED 96 85 189
ED 97 98 239
ED 98 99 251
ED 98 87 209
DM 1 6 1000 
DM 2 14 1000 
DM 3 48 1000 
ID 1 1 100 
DCD 1 86
DCD 2 100
DCD 3 87
OD 1 48
