VC 400
EC 1121
DMC 4
IC 1
DCC 1
OC 1
NL 0
QN 1
ED 0 20 189
ED 0 1 152
ED 1 21 204
ED 1 2 257
ED 1 20 118
ED 2 22 228
ED 2 3 202
ED 3 23 220
ED 3 4 234
ED 3 22 98
ED 4 24 213
ED 4 5 169
ED 5 25 189
ED 5 6 231
ED 5 24 168
ED 6 26 161
ED 6 7 167
ED 7 27 269
ED 7 8 175
ED 7 26 188
ED 8 28 252
ED 8 9 213
ED 9 29 212
ED 9 10 218
ED 9 28 204
ED 10 30 207
ED 10 11 233
ED 11 31 157
ED 11 12 244
ED 11 30 142
ED 12 32 203
ED 12 13 170
ED 13 33 213
ED 13 14 190
ED 13 32 130
ED 14 34 250
ED 14 15 257
ED 15 35 179
ED 15 16 225
ED 15 34 143
ED 16 36 171
ED 16 17 196
ED 17 37 212
ED 17 18 160
ED 17 36 200
ED 18 38 155
ED 18 19 204
ED 19 39 173
ED 19 38 199
ED 20 40 171
ED 20 21 180
ED 21 41 247
ED 21 22 200
ED 21 40 169
ED 22 42 239
ED 22 23 213
ED 22 1 226
ED 23 43 181
ED 23 24 192
ED 23 42 172
ED 24 44 170
ED 24 25 196
ED 24 3 164
ED 25 45 218
ED 25 26 195
ED 25 44 174
ED 26 46 223
ED 26 27 252
ED 26 5 178
ED 27 47 170
ED 27 28 201
ED 27 46 132
ED 28 48 196
ED 28 29 187
ED 28 7 162
ED 29 49 205
ED 29 30 230
ED 29 48 166
ED 30 50 234
ED 30 31 207
ED 30 9 187
ED 31 51 194
ED 31 32 195
ED 31 50 223
ED 32 52 233
ED 32 33 186
ED 32 11 149
ED 33 53 261
ED 33 34 233
ED 33 52 151
ED 34 54 174
ED 34 35 127
ED 34 13 253
ED 35 55 221
ED 35 36 224
ED 35 54 159
ED 36 56 239
ED 36 37 241
ED 36 15 112
ED 37 57 172
ED 37 38 219
ED 37 56 151
ED 38 58 227
ED 38 39 219
ED 38 17 119
ED 39 59 231
ED 39 58 212
ED 40 60 250
ED 40 41 247
ED 41 61 191
ED 41 42 188
ED 41 60 154
ED 42 62 151
ED 42 43 176
ED 42 21 176
ED 43 63 219
ED 43 44 222
ED 43 62 160
ED 44 64 192
ED 44 45 247
ED 44 23 124
ED 45 65 218
ED 45 46 171
ED 45 64 180
ED 46 66 239
ED 46 47 217
ED 46 25 184
ED 47 67 198
ED 47 48 181
ED 47 66 170
ED 48 68 179
ED 48 49 194
ED 48 27 169
ED 49 69 191
ED 49 50 159
ED 49 68 169
ED 50 70 168
ED 50 51 238
ED 50 29 165
ED 51 71 245
ED 51 52 152
ED 51 70 202
ED 52 72 210
ED 52 53 231
ED 52 31 155
ED 53 73 142
ED 53 54 220
ED 53 72 124
ED 54 74 213
ED 54 55 249
ED 54 33 160
ED 55 75 215
ED 55 56 189
ED 55 74 161
ED 56 76 165
ED 56 57 196
ED 56 35 190
ED 57 77 214
ED 57 58 175
ED 57 76 126
ED 58 78 205
ED 58 59 185
ED 58 37 170
ED 59 79 247
ED 59 78 166
ED 60 80 151
ED 60 61 203
ED 61 81 190
ED 61 62 201
ED 61 80 157
ED 62 82 262
ED 62 63 259
ED 62 41 119
ED 63 83 167
ED 63 64 242
ED 63 82 157
ED 64 84 208
ED 64 65 236
ED 64 43 178
ED 65 85 167
ED 65 66 176
ED 65 84 207
ED 66 86 173
ED 66 67 138
ED 66 45 175
ED 67 87 213
ED 67 68 235
ED 67 86 152
ED 68 88 230
ED 68 69 171
ED 68 47 156
ED 69 89 235
ED 69 70 215
ED 69 88 180
ED 70 90 190
ED 70 71 203
ED 70 49 148
ED 71 91 194
ED 71 72 257
ED 71 90 134
ED 72 92 173
ED 72 73 149
ED 72 51 180
ED 73 93 182
ED 73 74 204
ED 73 92 161
ED 74 94 210
ED 74 75 242
ED 74 53 152
ED 75 95 191
ED 75 76 238
ED 75 94 220
ED 76 96 256
ED 76 77 213
ED 76 55 170
ED 77 97 175
ED 77 78 173
ED 77 96 190
ED 78 98 195
ED 78 79 206
ED 78 57 174
ED 79 99 137
ED 79 98 98
ED 80 100 260
ED 80 81 212
ED 81 101 206
ED 81 82 215
ED 81 100 137
ED 82 102 168
ED 82 83 172
ED 82 61 181
ED 83 103 236
ED 83 84 183
ED 83 102 164
ED 84 104 241
ED 84 85 236
ED 84 63 106
ED 85 105 236
ED 85 86 150
ED 85 104 206
ED 86 106 227
ED 86 87 230
ED 86 65 120
ED 87 107 204
ED 87 88 173
ED 87 106 186
ED 88 108 191
ED 88 89 228
ED 88 67 203
ED 89 109 225
ED 89 90 201
ED 89 108 164
ED 90 110 225
ED 90 91 219
ED 90 69 160
ED 91 111 204
ED 91 92 234
ED 91 110 113
ED 92 112 197
ED 92 93 188
ED 92 71 183
ED 93 113 278
ED 93 94 161
ED 93 112 165
ED 94 114 194
ED 94 95 191
ED 94 73 153
ED 95 115 217
ED 95 96 209
ED 95 114 158
ED 96 116 166
ED 96 97 219
ED 96 75 117
ED 97 117 234
ED 97 98 168
ED 97 116 176
ED 98 118 212
ED 98 99 178
ED 98 77 186
ED 99 119 273
ED 99 118 207
ED 100 120 202
ED 100 101 164
ED 101 121 164
ED 101 102 231
ED 101 120 143
ED 102 122 219
ED 102 103 203
ED 102 81 204
ED 103 123 197
ED 103 104 201
ED 103 122 150
ED 104 124 186
ED 104 105 201
ED 104 83 143
ED 105 125 166
ED 105 106 186
ED 105 124 170
ED 106 126 145
ED 106 107 209
ED 106 85 179
ED 107 127 220
ED 107 108 215
ED 107 126 144
ED 108 128 225
ED 108 109 212
ED 108 87 194
ED 109 129 185
ED 109 110 226
ED 109 128 229
ED 110 130 243
ED 110 111 185
ED 110 89 141
ED 111 131 203
ED 111 112 236
ED 111 130 135
ED 112 132 194
ED 112 113 274
ED 112 91 179
ED 113 133 154
ED 113 114 193
ED 113 132 217
ED 114 134 198
ED 114 115 228
ED 114 93 158
ED 115 135 213
ED 115 116 254
ED 115 134 163
ED 116 136 257
ED 116 117 216
ED 116 95 220
ED 117 137 234
ED 117 118 182
ED 117 136 221
ED 118 138 196
ED 118 119 199
ED 118 97 169
ED 119 139 147
ED 119 138 168
ED 120 140 192
ED 120 121 151
ED 121 141 197
ED 121 122 185
ED 121 140 196
ED 122 142 161
ED 122 123 200
ED 122 101 195
ED 123 143 187
ED 123 124 200
ED 123 142 204
ED 124 144 216
ED 124 125 189
ED 124 103 132
ED 125 145 233
ED 125 126 229
ED 125 144 142
ED 126 146 264
ED 126 127 232
ED 126 105 184
ED 127 147 178
ED 127 128 176
ED 127 146 193
ED 128 148 149
ED 128 129 238
ED 128 107 123
ED 129 149 170
ED 129 130 204
ED 129 148 144
ED 130 150 135
ED 130 131 161
ED 130 109 156
ED 131 151 188
ED 131 132 218
ED 131 150 160
ED 132 152 199
ED 132 133 264
ED 132 111 148
ED 133 153 256
ED 133 134 162
ED 133 152 183
ED 134 154 172
ED 134 135 246
ED 134 113 92
ED 135 155 178
ED 135 136 168
ED 135 154 200
ED 136 156 168
ED 136 137 262
ED 136 115 155
ED 137 157 214
ED 137 138 181
ED 137 156 177
ED 138 158 166
ED 138 139 202
ED 138 117 132
ED 139 159 216
ED 139 158 144
ED 140 160 152
ED 140 141 161
ED 141 161 252
ED 141 142 186
ED 141 160 166
ED 142 162 231
ED 142 143 284
ED 142 121 130
ED 143 163 154
ED 143 144 203
ED 143 162 174
ED 144 164 224
ED 144 145 163
ED 144 123 179
ED 145 165 179
ED 145 146 174
ED 145 164 154
ED 146 166 212
ED 146 147 232
ED 146 125 178
ED 147 167 163
ED 147 148 229
ED 147 166 170
ED 148 168 209
ED 148 149 211
ED 148 127 165
ED 149 169 183
ED 149 150 205
ED 149 168 192
ED 150 170 199
ED 150 151 259
ED 150 129 122
ED 151 171 234
ED 151 152 206
ED 151 170 200
ED 152 172 273
ED 152 153 248
ED 152 131 166
ED 153 173 135
ED 153 154 246
ED 153 172 184
ED 154 174 234
ED 154 155 251
ED 154 133 84
ED 155 175 219
ED 155 156 220
ED 155 174 130
ED 156 176 173
ED 156 157 215
ED 156 135 153
ED 157 177 188
ED 157 158 281
ED 157 176 88
ED 158 178 209
ED 158 159 224
ED 158 137 133
ED 159 179 191
ED 159 178 170
ED 160 180 246
ED 160 161 252
ED 161 181 170
ED 161 162 241
ED 161 180 173
ED 162 182 203
ED 162 163 184
ED 162 141 222
ED 163 183 220
ED 163 164 149
ED 163 182 189
ED 164 184 167
ED 164 165 156
ED 164 143 146
ED 165 185 188
ED 165 166 207
ED 165 184 140
ED 166 186 141
ED 166 167 136
ED 166 145 214
ED 167 187 248
ED 167 168 183
ED 167 186 183
ED 168 188 254
ED 168 169 242
ED 168 147 100
ED 169 189 228
ED 169 170 186
ED 169 188 168
ED 170 190 196
ED 170 171 253
ED 170 149 133
ED 171 191 202
ED 171 172 173
ED 171 190 175
ED 172 192 129
ED 172 173 217
ED 172 151 134
ED 173 193 215
ED 173 174 199
ED 173 192 208
ED 174 194 219
ED 174 175 213
ED 174 153 189
ED 175 195 194
ED 175 176 258
ED 175 194 192
ED 176 196 203
ED 176 177 241
ED 176 155 190
ED 177 197 142
ED 177 178 221
ED 177 196 172
ED 178 198 183
ED 178 179 204
ED 178 157 197
ED 179 199 247
ED 179 198 167
ED 180 200 180
ED 180 181 235
ED 181 201 187
ED 181 182 176
ED 181 200 193
ED 182 202 226
ED 182 183 207
ED 182 161 186
ED 183 203 194
ED 183 184 181
ED 183 202 249
ED 184 204 168
ED 184 185 176
ED 184 163 174
ED 185 205 213
ED 185 186 178
ED 185 204 197
ED 186 206 209
ED 186 187 234
ED 186 165 139
ED 187 207 199
ED 187 188 262
ED 187 206 137
ED 188 208 171
ED 188 189 180
ED 188 167 222
ED 189 209 168
ED 189 190 202
ED 189 208 147
ED 190 210 214
ED 190 191 297
ED 190 169 110
ED 191 211 171
ED 191 192 208
ED 191 210 186
ED 192 212 261
ED 192 193 262
ED 192 171 126
ED 193 213 228
ED 193 194 157
ED 193 212 229
ED 194 214 186
ED 194 195 257
ED 194 173 143
ED 195 215 229
ED 195 196 216
ED 195 214 161
ED 196 216 194
ED 196 197 216
ED 196 175 146
ED 197 217 258
ED 197 198 183
ED 197 216 213
ED 198 218 266
ED 198 199 220
ED 198 177 128
ED 199 219 204
ED 199 218 118
ED 200 220 177
ED 200 201 201
ED 201 221 235
ED 201 202 123
ED 201 220 208
ED 202 222 192
ED 202 203 176
ED 202 181 129
ED 203 223 208
ED 203 204 210
ED 203 222 124
ED 204 224 232
ED 204 205 222
ED 204 183 92
ED 205 225 254
ED 205 206 205
ED 205 224 135
ED 206 226 205
ED 206 207 235
ED 206 185 132
ED 207 227 165
ED 207 208 258
ED 207 226 154
ED 208 228 221
ED 208 209 197
ED 208 187 221
ED 209 229 216
ED 209 210 174
ED 209 228 186
ED 210 230 232
ED 210 211 183
ED 210 189 134
ED 211 231 271
ED 211 212 177
ED 211 230 116
ED 212 232 151
ED 212 213 191
ED 212 191 107
ED 213 233 214
ED 213 214 269
ED 213 232 112
ED 214 234 195
ED 214 215 221
ED 214 193 167
ED 215 235 188
ED 215 216 252
ED 215 234 166
ED 216 236 219
ED 216 217 271
ED 216 195 84
ED 217 237 173
ED 217 218 198
ED 217 236 196
ED 218 238 198
ED 218 219 203
ED 218 197 192
ED 219 239 179
ED 219 238 192
ED 220 240 201
ED 220 221 232
ED 221 241 199
ED 221 222 254
ED 221 240 125
ED 222 242 180
ED 222 223 138
ED 222 201 193
ED 223 243 215
ED 223 224 229
ED 223 242 151
ED 224 244 204
ED 224 225 217
ED 224 203 214
ED 225 245 142
ED 225 226 242
ED 225 244 132
ED 226 246 241
ED 226 227 223
ED 226 205 161
ED 227 247 265
ED 227 228 205
ED 227 246 185
ED 228 248 154
ED 228 229 155
ED 228 207 208
ED 229 249 220
ED 229 230 225
ED 229 248 146
ED 230 250 198
ED 230 231 226
ED 230 209 175
ED 231 251 179
ED 231 232 246
ED 231 250 196
ED 232 252 217
ED 232 233 240
ED 232 211 203
ED 233 253 165
ED 233 234 216
ED 233 252 181
ED 234 254 201
ED 234 235 236
ED 234 213 161
ED 235 255 223
ED 235 236 233
ED 235 254 129
ED 236 256 220
ED 236 237 243
ED 236 215 118
ED 237 257 225
ED 237 238 176
ED 237 256 162
ED 238 258 141
ED 238 239 192
ED 238 217 159
ED 239 259 180
ED 239 258 140
ED 240 260 218
ED 240 241 215
ED 241 261 216
ED 241 242 223
ED 241 260 175
ED 242 262 216
ED 242 243 246
ED 242 221 159
ED 243 263 198
ED 243 244 177
ED 243 262 215
ED 244 264 201
ED 244 245 209
ED 244 223 198
ED 245 265 266
ED 245 246 152
ED 245 264 231
ED 246 266 198
ED 246 247 221
ED 246 225 176
ED 247 267 180
ED 247 248 265
ED 247 266 145
ED 248 268 239
ED 248 249 219
ED 248 227 152
ED 249 269 189
ED 249 250 207
ED 249 268 149
ED 250 270 233
ED 250 251 220
ED 250 229 154
ED 251 271 221
ED 251 252 228
ED 251 270 161
ED 252 272 233
ED 252 253 215
ED 252 231 113
ED 253 273 257
ED 253 254 199
ED 253 272 220
ED 254 274 192
ED 254 255 274
ED 254 233 125
ED 255 275 199
ED 255 256 227
ED 255 274 202
ED 256 276 193
ED 256 257 236
ED 256 235 185
ED 257 277 226
ED 257 258 235
ED 257 276 162
ED 258 278 238
ED 258 259 182
ED 258 237 177
ED 259 279 239
ED 259 278 155
ED 260 280 210
ED 260 261 230
ED 261 281 209
ED 261 262 229
ED 261 280 101
ED 262 282 254
ED 262 263 253
ED 262 241 149
ED 263 283 267
ED 263 264 146
ED 263 282 255
ED 264 284 215
ED 264 265 240
ED 264 243 110
ED 265 285 218
ED 265 266 242
ED 265 284 112
ED 266 286 154
ED 266 267 207
ED 266 245 174
ED 267 287 205
ED 267 268 207
ED 267 286 196
ED 268 288 214
ED 268 269 218
ED 268 247 142
ED 269 289 256
ED 269 270 143
ED 269 288 220
ED 270 290 168
ED 270 271 239
ED 270 249 174
ED 271 291 195
ED 271 272 172
ED 271 290 172
ED 272 292 177
ED 272 273 232
ED 272 251 150
ED 273 293 168
ED 273 274 251
ED 273 292 142
ED 274 294 259
ED 274 275 280
ED 274 253 117
ED 275 295 154
ED 275 276 252
ED 275 294 135
ED 276 296 185
ED 276 277 210
ED 276 255 146
ED 277 297 156
ED 277 278 253
ED 277 296 97
ED 278 298 168
ED 278 279 209
ED 278 257 146
ED 279 299 207
ED 279 298 169
ED 280 300 205
ED 280 281 236
ED 281 301 223
ED 281 282 136
ED 281 300 152
ED 282 302 156
ED 282 283 215
ED 282 261 175
ED 283 303 145
ED 283 284 257
ED 283 302 111
ED 284 304 209
ED 284 285 248
ED 284 263 151
ED 285 305 166
ED 285 286 226
ED 285 304 171
ED 286 306 264
ED 286 287 264
ED 286 265 145
ED 287 307 180
ED 287 288 201
ED 287 306 163
ED 288 308 210
ED 288 289 238
ED 288 267 123
ED 289 309 200
ED 289 290 240
ED 289 308 178
ED 290 310 222
ED 290 291 228
ED 290 269 143
ED 291 311 179
ED 291 292 219
ED 291 310 161
ED 292 312 202
ED 292 293 223
ED 292 271 123
ED 293 313 185
ED 293 294 201
ED 293 312 131
ED 294 314 154
ED 294 295 154
ED 294 273 189
ED 295 315 181
ED 295 296 248
ED 295 314 164
ED 296 316 215
ED 296 297 204
ED 296 275 169
ED 297 317 228
ED 297 298 200
ED 297 316 168
ED 298 318 251
ED 298 299 255
ED 298 277 178
ED 299 319 182
ED 299 318 180
ED 300 320 247
ED 300 301 204
ED 301 321 163
ED 301 302 259
ED 301 320 159
ED 302 322 192
ED 302 303 174
ED 302 281 142
ED 303 323 217
ED 303 304 222
ED 303 322 150
ED 304 324 183
ED 304 305 197
ED 304 283 191
ED 305 325 204
ED 305 306 171
ED 305 324 169
ED 306 326 185
ED 306 307 226
ED 306 285 115
ED 307 327 183
ED 307 308 143
ED 307 326 195
ED 308 328 204
ED 308 309 231
ED 308 287 146
ED 309 329 180
ED 309 310 220
ED 309 328 180
ED 310 330 207
ED 310 311 200
ED 310 289 153
ED 311 331 195
ED 311 312 242
ED 311 330 162
ED 312 332 184
ED 312 313 151
ED 312 291 191
ED 313 333 204
ED 313 314 218
ED 313 332 96
ED 314 334 277
ED 314 315 223
ED 314 293 102
ED 315 335 202
ED 315 316 209
ED 315 334 148
ED 316 336 200
ED 316 317 230
ED 316 295 182
ED 317 337 197
ED 317 318 187
ED 317 336 177
ED 318 338 208
ED 318 319 185
ED 318 297 181
ED 319 339 202
ED 319 338 200
ED 320 340 193
ED 320 321 216
ED 321 341 202
ED 321 322 181
ED 321 340 189
ED 322 342 194
ED 322 323 224
ED 322 301 155
ED 323 343 171
ED 323 324 219
ED 323 342 145
ED 324 344 236
ED 324 325 204
ED 324 303 186
ED 325 345 204
ED 325 326 216
ED 325 344 155
ED 326 346 176
ED 326 327 198
ED 326 305 161
ED 327 347 232
ED 327 328 137
ED 327 346 206
ED 328 348 211
ED 328 329 245
ED 328 307 123
ED 329 349 172
ED 329 330 179
ED 329 348 212
ED 330 350 149
ED 330 331 191
ED 330 309 163
ED 331 351 209
ED 331 332 240
ED 331 350 130
ED 332 352 240
ED 332 333 166
ED 332 311 191
ED 333 353 220
ED 333 334 248
ED 333 352 121
ED 334 354 216
ED 334 335 111
ED 334 313 244
ED 335 355 234
ED 335 336 215
ED 335 354 187
ED 336 356 247
ED 336 337 245
ED 336 315 173
ED 337 357 196
ED 337 338 150
ED 337 356 202
ED 338 358 169
ED 338 339 185
ED 338 317 138
ED 339 359 235
ED 339 358 168
ED 340 360 159
ED 340 341 130
ED 341 361 201
ED 341 342 235
ED 341 360 147
ED 342 362 268
ED 342 343 187
ED 342 321 128
ED 343 363 208
ED 343 344 199
ED 343 362 203
ED 344 364 141
ED 344 345 169
ED 344 323 185
ED 345 365 194
ED 345 346 224
ED 345 364 156
ED 346 366 201
ED 346 347 211
ED 346 325 148
ED 347 367 159
ED 347 348 203
ED 347 366 128
ED 348 368 180
ED 348 349 174
ED 348 327 164
ED 349 369 209
ED 349 350 240
ED 349 368 193
ED 350 370 199
ED 350 351 200
ED 350 329 144
ED 351 371 199
ED 351 352 241
ED 351 370 147
ED 352 372 213
ED 352 353 181
ED 352 331 189
ED 353 373 175
ED 353 354 151
ED 353 372 174
ED 354 374 186
ED 354 355 192
ED 354 333 185
ED 355 375 190
ED 355 356 201
ED 355 374 119
ED 356 376 132
ED 356 357 213
ED 356 335 212
ED 357 377 176
ED 357 358 169
ED 357 376 137
ED 358 378 183
ED 358 359 266
ED 358 337 108
ED 359 379 176
ED 359 378 158
ED 360 380 241
ED 360 361 224
ED 361 381 204
ED 361 362 128
ED 361 380 175
ED 362 382 162
ED 362 363 229
ED 362 341 196
ED 363 383 202
ED 363 364 172
ED 363 382 227
ED 364 384 255
ED 364 365 276
ED 364 343 152
ED 365 385 198
ED 365 366 184
ED 365 384 232
ED 366 386 239
ED 366 367 163
ED 366 345 178
ED 367 387 214
ED 367 368 187
ED 367 386 140
ED 368 388 156
ED 368 369 224
ED 368 347 174
ED 369 389 197
ED 369 370 198
ED 369 388 182
ED 370 390 239
ED 370 371 256
ED 370 349 138
ED 371 391 235
ED 371 372 188
ED 371 390 152
ED 372 392 132
ED 372 373 162
ED 372 351 204
ED 373 393 214
ED 373 374 200
ED 373 392 164
ED 374 394 162
ED 374 375 206
ED 374 353 170
ED 375 395 205
ED 375 376 215
ED 375 394 188
ED 376 396 224
ED 376 377 218
ED 376 355 212
ED 377 397 186
ED 377 378 190
ED 377 396 165
ED 378 398 238
ED 378 379 206
ED 378 357 146
ED 379 399 167
ED 379 398 139
ED 380 381 157
ED 381 382 175
ED 382 383 203
ED 382 361 145
ED 383 384 156
ED 384 385 217
ED 384 363 136
ED 385 386 211
ED 386 387 159
ED 386 365 176
ED 387 388 186
ED 388 389 212
ED 388 367 196
ED 389 390 213
ED 390 391 211
ED 390 369 158
ED 391 392 267
ED 392 393 240
ED 392 371 131
ED 393 394 218
ED 394 395 205
ED 394 373 170
ED 395 396 227
ED 396 397 194
ED 396 375 146
ED 397 398 162
ED 398 399 165
ED 398 377 168
DM 1 354 1000 
DM 2 277 1000 
DM 3 372 1000 
DM 4 305 1000 
ID 1 41 40 
DCD 1 27
OD 1 183
