VC 100
EC 261
DMC 5
IC 1
DCC 2
OC 1
NL 0
QN 1
ED 0 10 180
ED 0 1 230
ED 1 11 227
ED 1 2 187
ED 1 10 223
ED 2 12 153
ED 2 3 165
ED 3 13 259
ED 3 4 181
ED 3 12 171
ED 4 14 221
ED 4 5 211
ED 5 15 210
ED 5 6 151
ED 5 14 175
ED 6 16 174
ED 6 7 239
ED 7 17 181
ED 7 8 264
ED 7 16 172
ED 8 18 240
ED 8 9 189
ED 9 19 264
ED 9 18 115
ED 10 20 191
ED 10 11 211
ED 11 21 185
ED 11 12 245
ED 11 20 107
ED 12 22 276
ED 12 13 248
ED 12 1 141
ED 13 23 215
ED 13 14 226
ED 13 22 153
ED 14 24 254
ED 14 15 190
ED 14 3 142
ED 15 25 264
ED 15 16 197
ED 15 24 176
ED 16 26 215
ED 16 17 241
ED 16 5 142
ED 17 27 203
ED 17 18 223
ED 17 26 193
ED 18 28 229
ED 18 19 237
ED 18 7 195
ED 19 29 162
ED 19 28 224
ED 20 30 200
ED 20 21 197
ED 21 31 247
ED 21 22 156
ED 21 30 164
ED 22 32 162
ED 22 23 174
ED 22 11 210
ED 23 33 160
ED 23 24 230
ED 23 32 92
ED 24 34 124
ED 24 25 176
ED 24 13 170
ED 25 35 142
ED 25 26 241
ED 25 34 107
ED 26 36 223
ED 26 27 240
ED 26 15 154
ED 27 37 164
ED 27 28 159
ED 27 36 203
ED 28 38 148
ED 28 29 228
ED 28 17 143
ED 29 39 187
ED 29 38 192
ED 30 40 186
ED 30 31 189
ED 31 41 216
ED 31 32 267
ED 31 40 99
ED 32 42 191
ED 32 33 194
ED 32 21 173
ED 33 43 212
ED 33 34 209
ED 33 42 191
ED 34 44 277
ED 34 35 222
ED 34 23 187
ED 35 45 235
ED 35 36 125
ED 35 44 222
ED 36 46 220
ED 36 37 225
ED 36 25 156
ED 37 47 218
ED 37 38 163
ED 37 46 184
ED 38 48 190
ED 38 39 239
ED 38 27 119
ED 39 49 227
ED 39 48 188
ED 40 50 217
ED 40 41 257
ED 41 51 178
ED 41 42 196
ED 41 50 226
ED 42 52 199
ED 42 43 243
ED 42 31 188
ED 43 53 165
ED 43 44 154
ED 43 52 190
ED 44 54 148
ED 44 45 160
ED 44 33 169
ED 45 55 210
ED 45 46 230
ED 45 54 140
ED 46 56 160
ED 46 47 136
ED 46 35 195
ED 47 57 255
ED 47 48 204
ED 47 56 137
ED 48 58 278
ED 48 49 290
ED 48 37 107
ED 49 59 150
ED 49 58 173
ED 50 60 264
ED 50 51 245
ED 51 61 180
ED 51 52 202
ED 51 60 193
ED 52 62 227
ED 52 53 222
ED 52 41 118
ED 53 63 270
ED 53 54 163
ED 53 62 224
ED 54 64 213
ED 54 55 201
ED 54 43 127
ED 55 65 169
ED 55 56 245
ED 55 64 141
ED 56 66 250
ED 56 57 232
ED 56 45 186
ED 57 67 149
ED 57 58 228
ED 57 66 150
ED 58 68 137
ED 58 59 166
ED 58 47 224
ED 59 69 256
ED 59 68 192
ED 60 70 136
ED 60 61 188
ED 61 71 272
ED 61 62 152
ED 61 70 187
ED 62 72 195
ED 62 63 219
ED 62 51 160
ED 63 73 202
ED 63 64 231
ED 63 72 163
ED 64 74 240
ED 64 65 189
ED 64 53 148
ED 65 75 222
ED 65 66 175
ED 65 74 222
ED 66 76 202
ED 66 67 153
ED 66 55 199
ED 67 77 230
ED 67 68 224
ED 67 76 158
ED 68 78 259
ED 68 69 248
ED 68 57 147
ED 69 79 146
ED 69 78 155
ED 70 80 237
ED 70 71 235
ED 71 81 137
ED 71 72 234
ED 71 80 87
ED 72 82 198
ED 72 73 223
ED 72 61 151
ED 73 83 180
ED 73 74 190
ED 73 82 114
ED 74 84 136
ED 74 75 165
ED 74 63 144
ED 75 85 196
ED 75 76 235
ED 75 84 89
ED 76 86 159
ED 76 77 150
ED 76 65 208
ED 77 87 225
ED 77 78 230
ED 77 86 92
ED 78 88 149
ED 78 79 174
ED 78 67 202
ED 79 89 264
ED 79 88 213
ED 80 90 172
ED 80 81 137
ED 81 91 260
ED 81 82 222
ED 81 90 116
ED 82 92 220
ED 82 83 210
ED 82 71 206
ED 83 93 177
ED 83 84 239
ED 83 92 187
ED 84 94 264
ED 84 85 197
ED 84 73 192
ED 85 95 201
ED 85 86 234
ED 85 94 148
ED 86 96 170
ED 86 87 204
ED 86 75 235
ED 87 97 182
ED 87 88 250
ED 87 96 107
ED 88 98 229
ED 88 89 295
ED 88 77 142
ED 89 99 161
ED 89 98 156
ED 90 91 224
ED 91 92 211
ED 92 93 203
ED 92 81 204
ED 93 94 188
ED 94 95 123
ED 94 83 181
ED 95 96 262
ED 96 97 226
ED 96 85 182
ED 97 98 251
ED 98 99 167
ED 98 87 192
DM 1 7 1000 
DM 2 48 1000 
DM 3 71 1000 
DM 4 72 1000 
DM 5 53 1000 
ID 1 73 83 
DCD 1 89
DCD 2 40
OD 1 67
