VC 100
EC 180
DMC 7
IC 1
DCC 1
OC 1
NL 0
QN 1
ED 0 10 25
ED 0 1 59
ED 1 11 69
ED 1 2 22
ED 2 12 10
ED 2 3 34
ED 3 13 20
ED 3 4 43
ED 4 14 39
ED 4 5 70
ED 5 15 68
ED 5 6 18
ED 6 16 16
ED 6 7 52
ED 7 17 50
ED 7 8 31
ED 8 18 22
ED 8 9 41
ED 9 19 33
ED 10 20 15
ED 10 11 44
ED 11 21 42
ED 11 12 69
ED 12 22 61
ED 12 13 63
ED 13 23 40
ED 13 14 66
ED 14 24 29
ED 14 15 23
ED 15 25 30
ED 15 16 65
ED 16 26 60
ED 16 17 75
ED 17 27 45
ED 17 18 89
ED 18 28 56
ED 18 19 34
ED 19 29 28
ED 20 30 58
ED 20 21 19
ED 21 31 21
ED 21 22 46
ED 22 32 18
ED 22 23 23
ED 23 33 62
ED 23 24 51
ED 24 34 35
ED 24 25 31
ED 25 35 21
ED 25 26 22
ED 26 36 45
ED 26 27 25
ED 27 37 33
ED 27 28 49
ED 28 38 27
ED 28 29 62
ED 29 39 35
ED 30 40 29
ED 30 31 66
ED 31 41 81
ED 31 32 68
ED 32 42 60
ED 32 33 64
ED 33 43 8
ED 33 34 35
ED 34 44 88
ED 34 35 37
ED 35 45 34
ED 35 36 43
ED 36 46 56
ED 36 37 36
ED 37 47 9
ED 37 38 43
ED 38 48 63
ED 38 39 47
ED 39 49 32
ED 40 50 73
ED 40 41 76
ED 41 51 69
ED 41 42 13
ED 42 52 16
ED 42 43 23
ED 43 53 47
ED 43 44 65
ED 44 54 4
ED 44 45 63
ED 45 55 10
ED 45 46 36
ED 46 56 82
ED 46 47 61
ED 47 57 6
ED 47 48 38
ED 48 58 54
ED 48 49 14
ED 49 59 34
ED 50 60 11
ED 50 51 76
ED 51 61 65
ED 51 52 40
ED 52 62 37
ED 52 53 28
ED 53 63 13
ED 53 54 24
ED 54 64 86
ED 54 55 62
ED 55 65 43
ED 55 56 65
ED 56 66 61
ED 56 57 26
ED 57 67 71
ED 57 58 58
ED 58 68 70
ED 58 59 38
ED 59 69 31
ED 60 70 10
ED 60 61 16
ED 61 71 27
ED 61 62 37
ED 62 72 69
ED 62 63 79
ED 63 73 42
ED 63 64 76
ED 64 74 96
ED 64 65 66
ED 65 75 17
ED 65 66 50
ED 66 76 79
ED 66 67 68
ED 67 77 77
ED 67 68 83
ED 68 78 44
ED 68 69 29
ED 69 79 73
ED 70 80 42
ED 70 71 21
ED 71 81 39
ED 71 72 15
ED 72 82 18
ED 72 73 44
ED 73 83 43
ED 73 74 69
ED 74 84 88
ED 74 75 22
ED 75 85 47
ED 75 76 55
ED 76 86 61
ED 76 77 50
ED 77 87 34
ED 77 78 37
ED 78 88 49
ED 78 79 80
ED 79 89 70
ED 80 90 49
ED 80 81 50
ED 81 91 50
ED 81 82 56
ED 82 92 45
ED 82 83 47
ED 83 93 34
ED 83 84 32
ED 84 94 49
ED 84 85 52
ED 85 95 54
ED 85 86 67
ED 86 96 42
ED 86 87 13
ED 87 97 59
ED 87 88 10
ED 88 98 19
ED 88 89 59
ED 89 99 12
ED 90 91 50
ED 91 92 38
ED 92 93 62
ED 93 94 85
ED 94 95 52
ED 95 96 74
ED 96 97 50
ED 97 98 46
ED 98 99 44
DM 1 76 1000 
DM 2 95 1000 
DM 3 69 1000 
DM 4 70 1000 
DM 5 4 1000 
DM 6 12 1000 
DM 7 23 1000 
ID 1 86 100 
DCD 1 22
OD 1 44
