VC 100
EC 99
DMC 5
IC 1
DCC 3
OC 1
NL 0
QN 1
ED 0 1 74
ED 1 2 174
ED 2 3 58
ED 3 4 125
ED 4 5 125
ED 5 6 111
ED 6 7 104
ED 7 8 79
ED 8 9 112
ED 9 10 118
ED 10 11 109
ED 11 12 110
ED 12 13 96
ED 13 14 78
ED 14 15 106
ED 15 16 95
ED 16 17 96
ED 17 18 125
ED 18 19 106
ED 19 20 102
ED 20 21 109
ED 21 22 110
ED 22 23 90
ED 23 24 119
ED 24 25 104
ED 25 26 79
ED 26 27 130
ED 27 28 50
ED 28 29 137
ED 29 30 102
ED 30 31 123
ED 31 32 102
ED 32 33 67
ED 33 34 76
ED 34 35 130
ED 35 36 128
ED 36 37 64
ED 37 38 155
ED 38 39 64
ED 39 40 109
ED 40 41 80
ED 41 42 162
ED 42 43 51
ED 43 44 118
ED 44 45 97
ED 45 46 113
ED 46 47 130
ED 47 48 51
ED 48 49 95
ED 49 50 147
ED 50 51 100
ED 51 52 82
ED 52 53 102
ED 53 54 119
ED 54 55 79
ED 55 56 120
ED 56 57 155
ED 57 58 109
ED 58 59 79
ED 59 60 99
ED 60 61 163
ED 61 62 70
ED 62 63 105
ED 63 64 127
ED 64 65 94
ED 65 66 111
ED 66 67 110
ED 67 68 160
ED 68 69 45
ED 69 70 148
ED 70 71 123
ED 71 72 122
ED 72 73 40
ED 73 74 152
ED 74 75 100
ED 75 76 136
ED 76 77 106
ED 77 78 104
ED 78 79 77
ED 79 80 114
ED 80 81 139
ED 81 82 59
ED 82 83 162
ED 83 84 77
ED 84 85 113
ED 85 86 99
ED 86 87 127
ED 87 88 94
ED 88 89 88
ED 89 90 123
ED 90 91 60
ED 91 92 126
ED 92 93 70
ED 93 94 84
ED 94 95 141
ED 95 96 134
ED 96 97 74
ED 97 98 81
ED 98 99 148
DM 1 49 1000 
DM 2 73 1000 
DM 3 97 1000 
DM 4 19 1000 
DM 5 27 1000 
ID 1 100 19 
DCD 1 42
DCD 2 58
DCD 3 95
OD 1 21
