VC 400
EC 399
DMC 6
IC 1
DCC 3
OC 1
NL 0
QN 1
ED 0 1 51
ED 1 2 166
ED 2 3 102
ED 3 4 94
ED 4 5 68
ED 5 6 76
ED 6 7 135
ED 7 8 115
ED 8 9 112
ED 9 10 124
ED 10 11 79
ED 11 12 105
ED 12 13 51
ED 13 14 164
ED 14 15 91
ED 15 16 99
ED 16 17 97
ED 17 18 113
ED 18 19 103
ED 19 20 139
ED 20 21 34
ED 21 22 165
ED 22 23 87
ED 23 24 93
ED 24 25 113
ED 25 26 94
ED 26 27 174
ED 27 28 79
ED 28 29 110
ED 29 30 110
ED 30 31 44
ED 31 32 108
ED 32 33 149
ED 33 34 71
ED 34 35 133
ED 35 36 93
ED 36 37 119
ED 37 38 107
ED 38 39 119
ED 39 40 74
ED 40 41 83
ED 41 42 168
ED 42 43 34
ED 43 44 113
ED 44 45 114
ED 45 46 130
ED 46 47 132
ED 47 48 75
ED 48 49 90
ED 49 50 113
ED 50 51 100
ED 51 52 119
ED 52 53 107
ED 53 54 73
ED 54 55 145
ED 55 56 66
ED 56 57 90
ED 57 58 119
ED 58 59 154
ED 59 60 113
ED 60 61 123
ED 61 62 73
ED 62 63 97
ED 63 64 115
ED 64 65 114
ED 65 66 101
ED 66 67 136
ED 67 68 87
ED 68 69 43
ED 69 70 109
ED 70 71 102
ED 71 72 154
ED 72 73 83
ED 73 74 83
ED 74 75 109
ED 75 76 99
ED 76 77 99
ED 77 78 130
ED 78 79 98
ED 79 80 106
ED 80 81 68
ED 81 82 90
ED 82 83 127
ED 83 84 122
ED 84 85 47
ED 85 86 105
ED 86 87 149
ED 87 88 118
ED 88 89 70
ED 89 90 93
ED 90 91 168
ED 91 92 138
ED 92 93 45
ED 93 94 81
ED 94 95 109
ED 95 96 179
ED 96 97 89
ED 97 98 90
ED 98 99 105
ED 99 100 119
ED 100 101 98
ED 101 102 64
ED 102 103 110
ED 103 104 122
ED 104 105 111
ED 105 106 108
ED 106 107 96
ED 107 108 96
ED 108 109 117
ED 109 110 115
ED 110 111 112
ED 111 112 101
ED 112 113 123
ED 113 114 80
ED 114 115 81
ED 115 116 77
ED 116 117 176
ED 117 118 63
ED 118 119 115
ED 119 120 106
ED 120 121 111
ED 121 122 113
ED 122 123 106
ED 123 124 80
ED 124 125 89
ED 125 126 172
ED 126 127 54
ED 127 128 110
ED 128 129 147
ED 129 130 49
ED 130 131 120
ED 131 132 97
ED 132 133 99
ED 133 134 76
ED 134 135 151
ED 135 136 156
ED 136 137 68
ED 137 138 110
ED 138 139 54
ED 139 140 149
ED 140 141 99
ED 141 142 67
ED 142 143 130
ED 143 144 106
ED 144 145 62
ED 145 146 158
ED 146 147 46
ED 147 148 158
ED 148 149 48
ED 149 150 135
ED 150 151 126
ED 151 152 129
ED 152 153 99
ED 153 154 76
ED 154 155 129
ED 155 156 59
ED 156 157 120
ED 157 158 131
ED 158 159 87
ED 159 160 115
ED 160 161 90
ED 161 162 98
ED 162 163 137
ED 163 164 32
ED 164 165 113
ED 165 166 172
ED 166 167 74
ED 167 168 142
ED 168 169 69
ED 169 170 129
ED 170 171 93
ED 171 172 47
ED 172 173 167
ED 173 174 56
ED 174 175 100
ED 175 176 132
ED 176 177 129
ED 177 178 87
ED 178 179 98
ED 179 180 67
ED 180 181 120
ED 181 182 138
ED 182 183 89
ED 183 184 122
ED 184 185 126
ED 185 186 87
ED 186 187 91
ED 187 188 133
ED 188 189 148
ED 189 190 39
ED 190 191 138
ED 191 192 65
ED 192 193 145
ED 193 194 91
ED 194 195 142
ED 195 196 43
ED 196 197 129
ED 197 198 72
ED 198 199 125
ED 199 200 138
ED 200 201 95
ED 201 202 45
ED 202 203 128
ED 203 204 104
ED 204 205 115
ED 205 206 117
ED 206 207 129
ED 207 208 100
ED 208 209 115
ED 209 210 84
ED 210 211 110
ED 211 212 114
ED 212 213 111
ED 213 214 101
ED 214 215 87
ED 215 216 95
ED 216 217 101
ED 217 218 114
ED 218 219 117
ED 219 220 108
ED 220 221 55
ED 221 222 123
ED 222 223 144
ED 223 224 137
ED 224 225 39
ED 225 226 157
ED 226 227 90
ED 227 228 99
ED 228 229 118
ED 229 230 98
ED 230 231 142
ED 231 232 81
ED 232 233 114
ED 233 234 171
ED 234 235 93
ED 235 236 108
ED 236 237 76
ED 237 238 133
ED 238 239 121
ED 239 240 91
ED 240 241 113
ED 241 242 83
ED 242 243 101
ED 243 244 100
ED 244 245 83
ED 245 246 98
ED 246 247 128
ED 247 248 80
ED 248 249 125
ED 249 250 79
ED 250 251 154
ED 251 252 59
ED 252 253 102
ED 253 254 94
ED 254 255 100
ED 255 256 93
ED 256 257 132
ED 257 258 115
ED 258 259 138
ED 259 260 66
ED 260 261 113
ED 261 262 102
ED 262 263 91
ED 263 264 144
ED 264 265 103
ED 265 266 109
ED 266 267 84
ED 267 268 90
ED 268 269 158
ED 269 270 106
ED 270 271 122
ED 271 272 68
ED 272 273 142
ED 273 274 88
ED 274 275 96
ED 275 276 55
ED 276 277 169
ED 277 278 109
ED 278 279 117
ED 279 280 37
ED 280 281 127
ED 281 282 91
ED 282 283 126
ED 283 284 77
ED 284 285 130
ED 285 286 113
ED 286 287 100
ED 287 288 71
ED 288 289 139
ED 289 290 71
ED 290 291 72
ED 291 292 111
ED 292 293 164
ED 293 294 64
ED 294 295 109
ED 295 296 134
ED 296 297 108
ED 297 298 117
ED 298 299 51
ED 299 300 138
ED 300 301 104
ED 301 302 103
ED 302 303 72
ED 303 304 101
ED 304 305 99
ED 305 306 146
ED 306 307 103
ED 307 308 91
ED 308 309 100
ED 309 310 130
ED 310 311 110
ED 311 312 96
ED 312 313 77
ED 313 314 124
ED 314 315 115
ED 315 316 48
ED 316 317 161
ED 317 318 27
ED 318 319 153
ED 319 320 69
ED 320 321 135
ED 321 322 78
ED 322 323 115
ED 323 324 114
ED 324 325 110
ED 325 326 58
ED 326 327 171
ED 327 328 102
ED 328 329 62
ED 329 330 88
ED 330 331 130
ED 331 332 108
ED 332 333 58
ED 333 334 161
ED 334 335 57
ED 335 336 126
ED 336 337 80
ED 337 338 117
ED 338 339 113
ED 339 340 119
ED 340 341 117
ED 341 342 28
ED 342 343 157
ED 343 344 114
ED 344 345 73
ED 345 346 155
ED 346 347 131
ED 347 348 104
ED 348 349 111
ED 349 350 83
ED 350 351 119
ED 351 352 90
ED 352 353 103
ED 353 354 86
ED 354 355 153
ED 355 356 88
ED 356 357 121
ED 357 358 57
ED 358 359 118
ED 359 360 57
ED 360 361 160
ED 361 362 100
ED 362 363 81
ED 363 364 69
ED 364 365 138
ED 365 366 113
ED 366 367 110
ED 367 368 124
ED 368 369 51
ED 369 370 107
ED 370 371 109
ED 371 372 178
ED 372 373 46
ED 373 374 130
ED 374 375 68
ED 375 376 152
ED 376 377 79
ED 377 378 105
ED 378 379 54
ED 379 380 177
ED 380 381 31
ED 381 382 145
ED 382 383 82
ED 383 384 150
ED 384 385 87
ED 385 386 141
ED 386 387 95
ED 387 388 81
ED 388 389 138
ED 389 390 120
ED 390 391 106
ED 391 392 121
ED 392 393 97
ED 393 394 131
ED 394 395 78
ED 395 396 132
ED 396 397 80
ED 397 398 105
ED 398 399 134
DM 1 245 1000 
DM 2 73 1000 
DM 3 224 1000 
DM 4 268 1000 
DM 5 112 1000 
DM 6 318 1000 
ID 1 48 5 
DCD 1 394
DCD 2 233
DCD 3 380
OD 1 358
