VC 400
EC 1121
DMC 5
IC 1
DCC 2
OC 1
NL 0
QN 1
ED 0 20 163
ED 0 1 173
ED 1 21 164
ED 1 2 242
ED 1 20 149
ED 2 22 189
ED 2 3 263
ED 3 23 182
ED 3 4 244
ED 3 22 143
ED 4 24 249
ED 4 5 207
ED 5 25 207
ED 5 6 225
ED 5 24 139
ED 6 26 206
ED 6 7 211
ED 7 27 151
ED 7 8 209
ED 7 26 210
ED 8 28 168
ED 8 9 135
ED 9 29 225
ED 9 10 203
ED 9 28 159
ED 10 30 158
ED 10 11 207
ED 11 31 246
ED 11 12 179
ED 11 30 165
ED 12 32 209
ED 12 13 205
ED 13 33 211
ED 13 14 204
ED 13 32 176
ED 14 34 252
ED 14 15 240
ED 15 35 209
ED 15 16 233
ED 15 34 108
ED 16 36 149
ED 16 17 148
ED 17 37 247
ED 17 18 148
ED 17 36 165
ED 18 38 153
ED 18 19 243
ED 19 39 181
ED 19 38 180
ED 20 40 205
ED 20 21 204
ED 21 41 241
ED 21 22 239
ED 21 40 191
ED 22 42 200
ED 22 23 228
ED 22 1 185
ED 23 43 174
ED 23 24 224
ED 23 42 132
ED 24 44 159
ED 24 25 169
ED 24 3 172
ED 25 45 210
ED 25 26 179
ED 25 44 187
ED 26 46 162
ED 26 27 236
ED 26 5 145
ED 27 47 208
ED 27 28 167
ED 27 46 189
ED 28 48 216
ED 28 29 248
ED 28 7 106
ED 29 49 182
ED 29 30 212
ED 29 48 205
ED 30 50 218
ED 30 31 252
ED 30 9 162
ED 31 51 194
ED 31 32 239
ED 31 50 102
ED 32 52 189
ED 32 33 215
ED 32 11 138
ED 33 53 219
ED 33 34 220
ED 33 52 127
ED 34 54 211
ED 34 35 175
ED 34 13 224
ED 35 55 229
ED 35 36 240
ED 35 54 171
ED 36 56 213
ED 36 37 236
ED 36 15 192
ED 37 57 210
ED 37 38 224
ED 37 56 172
ED 38 58 259
ED 38 39 225
ED 38 17 138
ED 39 59 167
ED 39 58 137
ED 40 60 173
ED 40 41 244
ED 41 61 174
ED 41 42 263
ED 41 60 138
ED 42 62 223
ED 42 43 194
ED 42 21 169
ED 43 63 238
ED 43 44 213
ED 43 62 105
ED 44 64 205
ED 44 45 234
ED 44 23 119
ED 45 65 188
ED 45 46 260
ED 45 64 85
ED 46 66 253
ED 46 47 229
ED 46 25 148
ED 47 67 215
ED 47 48 169
ED 47 66 201
ED 48 68 176
ED 48 49 228
ED 48 27 129
ED 49 69 202
ED 49 50 197
ED 49 68 174
ED 50 70 237
ED 50 51 237
ED 50 29 134
ED 51 71 153
ED 51 52 271
ED 51 70 116
ED 52 72 200
ED 52 53 182
ED 52 31 226
ED 53 73 171
ED 53 54 202
ED 53 72 143
ED 54 74 157
ED 54 55 258
ED 54 33 140
ED 55 75 205
ED 55 56 221
ED 55 74 185
ED 56 76 231
ED 56 57 221
ED 56 35 173
ED 57 77 199
ED 57 58 232
ED 57 76 170
ED 58 78 201
ED 58 59 166
ED 58 37 168
ED 59 79 212
ED 59 78 193
ED 60 80 253
ED 60 61 211
ED 61 81 172
ED 61 62 251
ED 61 80 142
ED 62 82 204
ED 62 63 213
ED 62 41 181
ED 63 83 191
ED 63 64 266
ED 63 82 155
ED 64 84 204
ED 64 65 193
ED 64 43 212
ED 65 85 222
ED 65 66 213
ED 65 84 141
ED 66 86 136
ED 66 67 178
ED 66 45 190
ED 67 87 207
ED 67 68 245
ED 67 86 128
ED 68 88 256
ED 68 69 215
ED 68 47 151
ED 69 89 195
ED 69 70 202
ED 69 88 170
ED 70 90 186
ED 70 71 154
ED 70 49 179
ED 71 91 241
ED 71 72 205
ED 71 90 137
ED 72 92 257
ED 72 73 225
ED 72 51 138
ED 73 93 227
ED 73 74 189
ED 73 92 203
ED 74 94 253
ED 74 75 301
ED 74 53 154
ED 75 95 199
ED 75 76 175
ED 75 94 218
ED 76 96 156
ED 76 77 231
ED 76 55 126
ED 77 97 147
ED 77 78 209
ED 77 96 173
ED 78 98 175
ED 78 79 155
ED 78 57 191
ED 79 99 250
ED 79 98 193
ED 80 100 179
ED 80 81 161
ED 81 101 211
ED 81 82 194
ED 81 100 174
ED 82 102 188
ED 82 83 232
ED 82 61 167
ED 83 103 213
ED 83 84 223
ED 83 102 152
ED 84 104 244
ED 84 85 282
ED 84 63 123
ED 85 105 190
ED 85 86 227
ED 85 104 226
ED 86 106 227
ED 86 87 240
ED 86 65 188
ED 87 107 183
ED 87 88 212
ED 87 106 152
ED 88 108 143
ED 88 89 118
ED 88 67 225
ED 89 109 232
ED 89 90 236
ED 89 108 129
ED 90 110 184
ED 90 91 212
ED 90 69 173
ED 91 111 147
ED 91 92 195
ED 91 110 179
ED 92 112 173
ED 92 93 178
ED 92 71 189
ED 93 113 174
ED 93 94 176
ED 93 112 147
ED 94 114 154
ED 94 95 238
ED 94 73 146
ED 95 115 158
ED 95 96 236
ED 95 114 161
ED 96 116 243
ED 96 97 181
ED 96 75 104
ED 97 117 204
ED 97 98 185
ED 97 116 141
ED 98 118 226
ED 98 99 252
ED 98 77 112
ED 99 119 172
ED 99 118 170
ED 100 120 200
ED 100 101 167
ED 101 121 183
ED 101 102 244
ED 101 120 141
ED 102 122 247
ED 102 103 221
ED 102 81 168
ED 103 123 178
ED 103 104 212
ED 103 122 170
ED 104 124 218
ED 104 105 190
ED 104 83 117
ED 105 125 214
ED 105 106 245
ED 105 124 130
ED 106 126 209
ED 106 107 182
ED 106 85 131
ED 107 127 217
ED 107 108 234
ED 107 126 169
ED 108 128 251
ED 108 109 240
ED 108 87 150
ED 109 129 176
ED 109 110 192
ED 109 128 223
ED 110 130 215
ED 110 111 244
ED 110 89 169
ED 111 131 217
ED 111 112 166
ED 111 130 192
ED 112 132 183
ED 112 113 181
ED 112 91 158
ED 113 133 244
ED 113 114 190
ED 113 132 172
ED 114 134 198
ED 114 115 244
ED 114 93 142
ED 115 135 228
ED 115 116 202
ED 115 134 184
ED 116 136 196
ED 116 117 153
ED 116 95 199
ED 117 137 238
ED 117 118 156
ED 117 136 193
ED 118 138 142
ED 118 119 190
ED 118 97 208
ED 119 139 167
ED 119 138 138
ED 120 140 204
ED 120 121 175
ED 121 141 256
ED 121 122 151
ED 121 140 181
ED 122 142 200
ED 122 123 224
ED 122 101 176
ED 123 143 162
ED 123 124 209
ED 123 142 155
ED 124 144 211
ED 124 125 192
ED 124 103 202
ED 125 145 165
ED 125 126 175
ED 125 144 186
ED 126 146 214
ED 126 127 239
ED 126 105 176
ED 127 147 212
ED 127 128 162
ED 127 146 150
ED 128 148 142
ED 128 129 186
ED 128 107 169
ED 129 149 254
ED 129 130 213
ED 129 148 174
ED 130 150 222
ED 130 131 181
ED 130 109 139
ED 131 151 223
ED 131 132 217
ED 131 150 131
ED 132 152 190
ED 132 133 215
ED 132 111 142
ED 133 153 177
ED 133 134 239
ED 133 152 156
ED 134 154 232
ED 134 135 255
ED 134 113 134
ED 135 155 177
ED 135 136 207
ED 135 154 133
ED 136 156 168
ED 136 137 213
ED 136 115 164
ED 137 157 155
ED 137 138 227
ED 137 156 208
ED 138 158 218
ED 138 139 211
ED 138 117 155
ED 139 159 248
ED 139 158 191
ED 140 160 197
ED 140 141 202
ED 141 161 179
ED 141 142 243
ED 141 160 93
ED 142 162 220
ED 142 143 181
ED 142 121 205
ED 143 163 201
ED 143 144 162
ED 143 162 208
ED 144 164 136
ED 144 145 161
ED 144 123 184
ED 145 165 270
ED 145 146 195
ED 145 164 203
ED 146 166 160
ED 146 147 181
ED 146 125 169
ED 147 167 213
ED 147 148 236
ED 147 166 149
ED 148 168 243
ED 148 149 277
ED 148 127 109
ED 149 169 164
ED 149 150 233
ED 149 168 194
ED 150 170 218
ED 150 151 178
ED 150 129 224
ED 151 171 233
ED 151 152 211
ED 151 170 155
ED 152 172 257
ED 152 153 232
ED 152 131 160
ED 153 173 188
ED 153 154 214
ED 153 172 199
ED 154 174 176
ED 154 155 172
ED 154 133 185
ED 155 175 188
ED 155 156 209
ED 155 174 108
ED 156 176 258
ED 156 157 212
ED 156 135 118
ED 157 177 230
ED 157 158 189
ED 157 176 179
ED 158 178 191
ED 158 159 254
ED 158 137 124
ED 159 179 213
ED 159 178 151
ED 160 180 241
ED 160 161 198
ED 161 181 192
ED 161 162 155
ED 161 180 189
ED 162 182 168
ED 162 163 174
ED 162 141 202
ED 163 183 211
ED 163 164 178
ED 163 182 175
ED 164 184 219
ED 164 165 263
ED 164 143 110
ED 165 185 183
ED 165 166 265
ED 165 184 91
ED 166 186 255
ED 166 167 282
ED 166 145 136
ED 167 187 164
ED 167 168 182
ED 167 186 164
ED 168 188 163
ED 168 169 247
ED 168 147 154
ED 169 189 228
ED 169 170 168
ED 169 188 168
ED 170 190 170
ED 170 171 175
ED 170 149 176
ED 171 191 141
ED 171 172 215
ED 171 190 111
ED 172 192 144
ED 172 173 220
ED 172 151 157
ED 173 193 261
ED 173 174 198
ED 173 192 186
ED 174 194 237
ED 174 175 215
ED 174 153 166
ED 175 195 260
ED 175 176 162
ED 175 194 229
ED 176 196 153
ED 176 177 184
ED 176 155 224
ED 177 197 242
ED 177 178 215
ED 177 196 156
ED 178 198 244
ED 178 179 251
ED 178 157 200
ED 179 199 176
ED 179 198 219
ED 180 200 191
ED 180 181 129
ED 181 201 217
ED 181 182 216
ED 181 200 190
ED 182 202 188
ED 182 183 148
ED 182 161 156
ED 183 203 266
ED 183 184 260
ED 183 202 158
ED 184 204 228
ED 184 185 227
ED 184 163 179
ED 185 205 185
ED 185 186 200
ED 185 204 159
ED 186 206 182
ED 186 187 137
ED 186 165 204
ED 187 207 207
ED 187 188 261
ED 187 206 156
ED 188 208 250
ED 188 189 244
ED 188 167 150
ED 189 209 193
ED 189 190 209
ED 189 208 164
ED 190 210 238
ED 190 191 160
ED 190 169 145
ED 191 211 246
ED 191 192 233
ED 191 210 172
ED 192 212 231
ED 192 193 243
ED 192 171 187
ED 193 213 138
ED 193 194 213
ED 193 212 138
ED 194 214 182
ED 194 195 226
ED 194 173 115
ED 195 215 190
ED 195 196 277
ED 195 214 100
ED 196 216 253
ED 196 197 200
ED 196 175 173
ED 197 217 150
ED 197 198 210
ED 197 216 138
ED 198 218 179
ED 198 199 233
ED 198 177 121
ED 199 219 172
ED 199 218 161
ED 200 220 166
ED 200 201 227
ED 201 221 187
ED 201 202 170
ED 201 220 163
ED 202 222 208
ED 202 203 245
ED 202 181 160
ED 203 223 157
ED 203 204 268
ED 203 222 118
ED 204 224 185
ED 204 205 212
ED 204 183 224
ED 205 225 180
ED 205 206 169
ED 205 224 177
ED 206 226 206
ED 206 207 218
ED 206 185 113
ED 207 227 213
ED 207 208 200
ED 207 226 184
ED 208 228 150
ED 208 209 171
ED 208 187 233
ED 209 229 181
ED 209 210 200
ED 209 228 132
ED 210 230 173
ED 210 211 186
ED 210 189 151
ED 211 231 200
ED 211 212 232
ED 211 230 152
ED 212 232 228
ED 212 213 147
ED 212 191 208
ED 213 233 256
ED 213 214 248
ED 213 232 171
ED 214 234 225
ED 214 215 219
ED 214 193 177
ED 215 235 183
ED 215 216 200
ED 215 234 142
ED 216 236 174
ED 216 217 157
ED 216 195 201
ED 217 237 224
ED 217 218 201
ED 217 236 184
ED 218 238 241
ED 218 219 218
ED 218 197 179
ED 219 239 208
ED 219 238 224
ED 220 240 241
ED 220 221 201
ED 221 241 268
ED 221 222 179
ED 221 240 181
ED 222 242 192
ED 222 223 220
ED 222 201 145
ED 223 243 199
ED 223 224 195
ED 223 242 157
ED 224 244 219
ED 224 225 210
ED 224 203 192
ED 225 245 258
ED 225 226 157
ED 225 244 197
ED 226 246 227
ED 226 227 194
ED 226 205 120
ED 227 247 177
ED 227 228 243
ED 227 246 136
ED 228 248 204
ED 228 229 209
ED 228 207 157
ED 229 249 183
ED 229 230 198
ED 229 248 136
ED 230 250 157
ED 230 231 189
ED 230 209 175
ED 231 251 180
ED 231 232 226
ED 231 250 108
ED 232 252 172
ED 232 233 209
ED 232 211 173
ED 233 253 210
ED 233 234 224
ED 233 252 160
ED 234 254 200
ED 234 235 204
ED 234 213 217
ED 235 255 241
ED 235 236 180
ED 235 254 166
ED 236 256 203
ED 236 237 197
ED 236 215 157
ED 237 257 231
ED 237 238 180
ED 237 256 139
ED 238 258 168
ED 238 239 161
ED 238 217 179
ED 239 259 247
ED 239 258 132
ED 240 260 148
ED 240 241 192
ED 241 261 161
ED 241 242 276
ED 241 260 115
ED 242 262 207
ED 242 243 163
ED 242 221 175
ED 243 263 216
ED 243 244 213
ED 243 262 164
ED 244 264 191
ED 244 245 241
ED 244 223 145
ED 245 265 145
ED 245 246 210
ED 245 264 150
ED 246 266 202
ED 246 247 150
ED 246 225 180
ED 247 267 253
ED 247 248 211
ED 247 266 211
ED 248 268 272
ED 248 249 194
ED 248 227 182
ED 249 269 254
ED 249 250 217
ED 249 268 205
ED 250 270 240
ED 250 251 217
ED 250 229 174
ED 251 271 214
ED 251 252 217
ED 251 270 140
ED 252 272 160
ED 252 253 195
ED 252 231 202
ED 253 273 199
ED 253 254 259
ED 253 272 136
ED 254 274 167
ED 254 255 233
ED 254 233 154
ED 255 275 199
ED 255 256 236
ED 255 274 123
ED 256 276 178
ED 256 257 188
ED 256 235 181
ED 257 277 188
ED 257 258 254
ED 257 276 149
ED 258 278 224
ED 258 259 209
ED 258 237 180
ED 259 279 178
ED 259 278 136
ED 260 280 200
ED 260 261 206
ED 261 281 197
ED 261 262 206
ED 261 280 168
ED 262 282 253
ED 262 263 235
ED 262 241 134
ED 263 283 185
ED 263 264 222
ED 263 282 197
ED 264 284 240
ED 264 265 168
ED 264 243 216
ED 265 285 196
ED 265 266 154
ED 265 284 203
ED 266 286 173
ED 266 267 242
ED 266 245 98
ED 267 287 146
ED 267 268 170
ED 267 286 197
ED 268 288 165
ED 268 269 243
ED 268 247 186
ED 269 289 211
ED 269 270 194
ED 269 288 153
ED 270 290 215
ED 270 271 204
ED 270 249 201
ED 271 291 211
ED 271 272 226
ED 271 290 185
ED 272 292 212
ED 272 273 270
ED 272 251 146
ED 273 293 170
ED 273 274 265
ED 273 292 178
ED 274 294 207
ED 274 275 234
ED 274 253 224
ED 275 295 174
ED 275 276 242
ED 275 294 170
ED 276 296 210
ED 276 277 239
ED 276 255 126
ED 277 297 190
ED 277 278 214
ED 277 296 153
ED 278 298 211
ED 278 279 171
ED 278 257 190
ED 279 299 221
ED 279 298 189
ED 280 300 266
ED 280 281 268
ED 281 301 247
ED 281 282 143
ED 281 300 181
ED 282 302 195
ED 282 283 202
ED 282 261 173
ED 283 303 250
ED 283 284 137
ED 283 302 187
ED 284 304 179
ED 284 285 178
ED 284 263 153
ED 285 305 276
ED 285 286 176
ED 285 304 165
ED 286 306 259
ED 286 287 218
ED 286 265 139
ED 287 307 255
ED 287 288 225
ED 287 306 181
ED 288 308 230
ED 288 289 208
ED 288 267 184
ED 289 309 150
ED 289 290 195
ED 289 308 130
ED 290 310 215
ED 290 291 200
ED 290 269 113
ED 291 311 196
ED 291 292 246
ED 291 310 146
ED 292 312 226
ED 292 293 199
ED 292 271 131
ED 293 313 187
ED 293 294 227
ED 293 312 104
ED 294 314 215
ED 294 295 272
ED 294 273 107
ED 295 315 225
ED 295 296 212
ED 295 314 127
ED 296 316 194
ED 296 297 216
ED 296 275 170
ED 297 317 199
ED 297 298 163
ED 297 316 187
ED 298 318 138
ED 298 299 219
ED 298 277 132
ED 299 319 169
ED 299 318 172
ED 300 320 203
ED 300 301 214
ED 301 321 171
ED 301 302 211
ED 301 320 200
ED 302 322 199
ED 302 303 212
ED 302 281 166
ED 303 323 204
ED 303 304 200
ED 303 322 180
ED 304 324 232
ED 304 305 249
ED 304 283 155
ED 305 325 158
ED 305 306 205
ED 305 324 146
ED 306 326 130
ED 306 307 179
ED 306 285 229
ED 307 327 175
ED 307 308 226
ED 307 326 177
ED 308 328 194
ED 308 309 125
ED 308 287 221
ED 309 329 197
ED 309 310 193
ED 309 328 167
ED 310 330 130
ED 310 311 174
ED 310 289 161
ED 311 331 161
ED 311 312 270
ED 311 330 132
ED 312 332 180
ED 312 313 168
ED 312 291 215
ED 313 333 229
ED 313 314 225
ED 313 332 181
ED 314 334 207
ED 314 315 241
ED 314 293 225
ED 315 335 177
ED 315 316 225
ED 315 334 177
ED 316 336 185
ED 316 317 255
ED 316 295 122
ED 317 337 187
ED 317 318 204
ED 317 336 177
ED 318 338 222
ED 318 319 263
ED 318 297 108
ED 319 339 210
ED 319 338 183
ED 320 340 193
ED 320 321 236
ED 321 341 205
ED 321 322 183
ED 321 340 150
ED 322 342 170
ED 322 323 210
ED 322 301 144
ED 323 343 204
ED 323 324 220
ED 323 342 199
ED 324 344 138
ED 324 325 175
ED 324 303 170
ED 325 345 239
ED 325 326 203
ED 325 344 166
ED 326 346 278
ED 326 327 214
ED 326 305 105
ED 327 347 204
ED 327 328 209
ED 327 346 161
ED 328 348 218
ED 328 329 195
ED 328 307 137
ED 329 349 233
ED 329 330 197
ED 329 348 162
ED 330 350 220
ED 330 331 221
ED 330 309 177
ED 331 351 238
ED 331 332 204
ED 331 350 164
ED 332 352 246
ED 332 333 207
ED 332 311 172
ED 333 353 178
ED 333 334 232
ED 333 352 123
ED 334 354 267
ED 334 335 263
ED 334 313 130
ED 335 355 200
ED 335 336 229
ED 335 354 203
ED 336 356 236
ED 336 337 203
ED 336 315 149
ED 337 357 187
ED 337 338 220
ED 337 356 140
ED 338 358 220
ED 338 339 236
ED 338 317 125
ED 339 359 246
ED 339 358 207
ED 340 360 206
ED 340 341 200
ED 341 361 187
ED 341 342 190
ED 341 360 177
ED 342 362 185
ED 342 343 288
ED 342 321 98
ED 343 363 157
ED 343 344 238
ED 343 362 201
ED 344 364 271
ED 344 345 224
ED 344 323 149
ED 345 365 170
ED 345 346 222
ED 345 364 112
ED 346 366 196
ED 346 347 205
ED 346 325 154
ED 347 367 225
ED 347 348 183
ED 347 366 187
ED 348 368 153
ED 348 349 143
ED 348 327 240
ED 349 369 168
ED 349 350 239
ED 349 368 128
ED 350 370 242
ED 350 351 244
ED 350 329 167
ED 351 371 220
ED 351 352 206
ED 351 370 223
ED 352 372 193
ED 352 353 160
ED 352 331 204
ED 353 373 199
ED 353 354 140
ED 353 372 214
ED 354 374 163
ED 354 355 224
ED 354 333 183
ED 355 375 209
ED 355 356 212
ED 355 374 189
ED 356 376 188
ED 356 357 151
ED 356 335 165
ED 357 377 220
ED 357 358 192
ED 357 376 180
ED 358 378 189
ED 358 359 242
ED 358 337 164
ED 359 379 152
ED 359 378 165
ED 360 380 158
ED 360 361 171
ED 361 381 203
ED 361 362 234
ED 361 380 135
ED 362 382 224
ED 362 363 223
ED 362 341 120
ED 363 383 215
ED 363 364 191
ED 363 382 189
ED 364 384 176
ED 364 365 147
ED 364 343 150
ED 365 385 227
ED 365 366 223
ED 365 384 121
ED 366 386 188
ED 366 367 191
ED 366 345 226
ED 367 387 175
ED 367 368 208
ED 367 386 169
ED 368 388 253
ED 368 369 197
ED 368 347 118
ED 369 389 273
ED 369 370 154
ED 369 388 198
ED 370 390 155
ED 370 371 239
ED 370 349 171
ED 371 391 153
ED 371 372 208
ED 371 390 155
ED 372 392 165
ED 372 373 183
ED 372 351 99
ED 373 393 260
ED 373 374 198
ED 373 392 156
ED 374 394 228
ED 374 375 215
ED 374 353 149
ED 375 395 213
ED 375 376 221
ED 375 394 159
ED 376 396 183
ED 376 377 245
ED 376 355 102
ED 377 397 179
ED 377 378 187
ED 377 396 187
ED 378 398 215
ED 378 379 235
ED 378 357 171
ED 379 399 238
ED 379 398 166
ED 380 381 226
ED 381 382 200
ED 382 383 196
ED 382 361 172
ED 383 384 253
ED 384 385 172
ED 384 363 206
ED 385 386 253
ED 386 387 161
ED 386 365 215
ED 387 388 147
ED 388 389 255
ED 388 367 111
ED 389 390 236
ED 390 391 239
ED 390 369 179
ED 391 392 179
ED 392 393 250
ED 392 371 120
ED 393 394 208
ED 394 395 222
ED 394 373 200
ED 395 396 240
ED 396 397 226
ED 396 375 154
ED 397 398 200
ED 398 399 184
ED 398 377 174
DM 1 351 1000 
DM 2 291 1000 
DM 3 216 1000 
DM 4 121 1000 
DM 5 42 1000 
ID 1 29 19 
DCD 1 141
DCD 2 352
OD 1 31
