VC 25
EC 56
DMC 2
IC 1
DCC 2
OC 1
NL 0
QN 1
ED 0 5 186
ED 0 1 227
ED 1 6 197
ED 1 2 201
ED 1 5 210
ED 2 7 161
ED 2 3 169
ED 3 8 163
ED 3 4 184
ED 3 7 193
ED 4 9 149
ED 5 10 215
ED 5 6 226
ED 6 11 212
ED 6 7 223
ED 6 10 126
ED 7 12 245
ED 7 8 254
ED 7 1 93
ED 8 13 262
ED 8 9 195
ED 8 12 188
ED 9 14 211
ED 9 3 160
ED 10 15 234
ED 10 11 207
ED 11 16 217
ED 11 12 250
ED 11 15 120
ED 12 17 151
ED 12 13 219
ED 12 6 222
ED 13 18 121
ED 13 14 244
ED 13 17 205
ED 14 19 188
ED 14 8 160
ED 15 20 148
ED 15 16 216
ED 16 21 214
ED 16 17 227
ED 16 20 176
ED 17 22 244
ED 17 18 248
ED 17 11 156
ED 18 23 234
ED 18 19 196
ED 18 22 212
ED 19 24 199
ED 19 13 152
ED 20 21 280
ED 21 22 208
ED 22 23 181
ED 22 16 126
ED 23 24 227
ED 24 18 131
DM 1 12 1000 
DM 2 15 1000 
ID 1 74 23 
DCD 1 2
DCD 2 18
OD 1 6
