VC 400
EC 760
DMC 7
IC 1
DCC 2
OC 1
NL 0
QN 1
ED 0 20 68
ED 0 1 77
ED 1 21 89
ED 1 2 66
ED 2 22 20
ED 2 3 62
ED 3 23 49
ED 3 4 54
ED 4 24 18
ED 4 5 9
ED 5 25 19
ED 5 6 50
ED 6 26 8
ED 6 7 33
ED 7 27 38
ED 7 8 40
ED 8 28 10
ED 8 9 29
ED 9 29 41
ED 9 10 33
ED 10 30 49
ED 10 11 62
ED 11 31 33
ED 11 12 72
ED 12 32 73
ED 12 13 36
ED 13 33 46
ED 13 14 36
ED 14 34 39
ED 14 15 17
ED 15 35 33
ED 15 16 44
ED 16 36 27
ED 16 17 28
ED 17 37 66
ED 17 18 80
ED 18 38 72
ED 18 19 49
ED 19 39 59
ED 20 40 20
ED 20 21 79
ED 21 41 37
ED 21 22 32
ED 22 42 19
ED 22 23 49
ED 23 43 58
ED 23 24 7
ED 24 44 29
ED 24 25 18
ED 25 45 39
ED 25 26 42
ED 26 46 55
ED 26 27 19
ED 27 47 10
ED 27 28 53
ED 28 48 57
ED 28 29 20
ED 29 49 8
ED 29 30 42
ED 30 50 37
ED 30 31 41
ED 31 51 23
ED 31 32 40
ED 32 52 58
ED 32 33 31
ED 33 53 79
ED 33 34 48
ED 34 54 49
ED 34 35 77
ED 35 55 42
ED 35 36 49
ED 36 56 49
ED 36 37 48
ED 37 57 17
ED 37 38 73
ED 38 58 72
ED 38 39 67
ED 39 59 37
ED 40 60 42
ED 40 41 63
ED 41 61 31
ED 41 42 39
ED 42 62 67
ED 42 43 72
ED 43 63 89
ED 43 44 41
ED 44 64 37
ED 44 45 50
ED 45 65 49
ED 45 46 78
ED 46 66 36
ED 46 47 29
ED 47 67 18
ED 47 48 45
ED 48 68 70
ED 48 49 50
ED 49 69 15
ED 49 50 5
ED 50 70 31
ED 50 51 25
ED 51 71 61
ED 51 52 26
ED 52 72 28
ED 52 53 29
ED 53 73 80
ED 53 54 32
ED 54 74 43
ED 54 55 8
ED 55 75 37
ED 55 56 36
ED 56 76 22
ED 56 57 63
ED 57 77 52
ED 57 58 2
ED 58 78 53
ED 58 59 58
ED 59 79 41
ED 60 80 42
ED 60 61 69
ED 61 81 46
ED 61 62 75
ED 62 82 37
ED 62 63 60
ED 63 83 20
ED 63 64 18
ED 64 84 66
ED 64 65 27
ED 65 85 37
ED 65 66 2
ED 66 86 43
ED 66 67 33
ED 67 87 43
ED 67 68 22
ED 68 88 45
ED 68 69 43
ED 69 89 24
ED 69 70 20
ED 70 90 18
ED 70 71 15
ED 71 91 83
ED 71 72 27
ED 72 92 73
ED 72 73 71
ED 73 93 56
ED 73 74 72
ED 74 94 66
ED 74 75 68
ED 75 95 48
ED 75 76 32
ED 76 96 44
ED 76 77 39
ED 77 97 43
ED 77 78 39
ED 78 98 53
ED 78 79 37
ED 79 99 91
ED 80 100 6
ED 80 81 22
ED 81 101 33
ED 81 82 25
ED 82 102 47
ED 82 83 34
ED 83 103 29
ED 83 84 57
ED 84 104 30
ED 84 85 37
ED 85 105 19
ED 85 86 14
ED 86 106 77
ED 86 87 52
ED 87 107 63
ED 87 88 21
ED 88 108 39
ED 88 89 25
ED 89 109 53
ED 89 90 60
ED 90 110 85
ED 90 91 94
ED 91 111 75
ED 91 92 54
ED 92 112 18
ED 92 93 60
ED 93 113 56
ED 93 94 59
ED 94 114 21
ED 94 95 49
ED 95 115 21
ED 95 96 60
ED 96 116 87
ED 96 97 34
ED 97 117 50
ED 97 98 51
ED 98 118 54
ED 98 99 25
ED 99 119 71
ED 100 120 23
ED 100 101 17
ED 101 121 27
ED 101 102 32
ED 102 122 28
ED 102 103 40
ED 103 123 79
ED 103 104 72
ED 104 124 59
ED 104 105 34
ED 105 125 55
ED 105 106 61
ED 106 126 36
ED 106 107 54
ED 107 127 47
ED 107 108 40
ED 108 128 17
ED 108 109 65
ED 109 129 70
ED 109 110 79
ED 110 130 22
ED 110 111 70
ED 111 131 77
ED 111 112 93
ED 112 132 15
ED 112 113 12
ED 113 133 26
ED 113 114 3
ED 114 134 42
ED 114 115 57
ED 115 135 45
ED 115 116 31
ED 116 136 37
ED 116 117 30
ED 117 137 25
ED 117 118 76
ED 118 138 103
ED 118 119 78
ED 119 139 38
ED 120 140 60
ED 120 121 44
ED 121 141 19
ED 121 122 17
ED 122 142 40
ED 122 123 27
ED 123 143 41
ED 123 124 79
ED 124 144 25
ED 124 125 77
ED 125 145 69
ED 125 126 29
ED 126 146 17
ED 126 127 24
ED 127 147 19
ED 127 128 5
ED 128 148 39
ED 128 129 55
ED 129 149 35
ED 129 130 59
ED 130 150 20
ED 130 131 56
ED 131 151 42
ED 131 132 25
ED 132 152 14
ED 132 133 50
ED 133 153 58
ED 133 134 19
ED 134 154 72
ED 134 135 47
ED 135 155 45
ED 135 136 27
ED 136 156 28
ED 136 137 32
ED 137 157 39
ED 137 138 65
ED 138 158 96
ED 138 139 65
ED 139 159 49
ED 140 160 42
ED 140 141 42
ED 141 161 29
ED 141 142 36
ED 142 162 20
ED 142 143 62
ED 143 163 30
ED 143 144 67
ED 144 164 82
ED 144 145 38
ED 145 165 61
ED 145 146 59
ED 146 166 73
ED 146 147 54
ED 147 167 60
ED 147 148 47
ED 148 168 15
ED 148 149 12
ED 149 169 53
ED 149 150 32
ED 150 170 18
ED 150 151 31
ED 151 171 1
ED 151 152 58
ED 152 172 55
ED 152 153 34
ED 153 173 77
ED 153 154 2
ED 154 174 51
ED 154 155 52
ED 155 175 8
ED 155 156 25
ED 156 176 75
ED 156 157 28
ED 157 177 48
ED 157 158 16
ED 158 178 16
ED 158 159 83
ED 159 179 49
ED 160 180 48
ED 160 161 37
ED 161 181 62
ED 161 162 64
ED 162 182 7
ED 162 163 54
ED 163 183 61
ED 163 164 24
ED 164 184 71
ED 164 165 32
ED 165 185 17
ED 165 166 48
ED 166 186 12
ED 166 167 73
ED 167 187 71
ED 167 168 55
ED 168 188 48
ED 168 169 45
ED 169 189 42
ED 169 170 46
ED 170 190 42
ED 170 171 14
ED 171 191 40
ED 171 172 25
ED 172 192 19
ED 172 173 41
ED 173 193 64
ED 173 174 30
ED 174 194 58
ED 174 175 1
ED 175 195 24
ED 175 176 61
ED 176 196 20
ED 176 177 54
ED 177 197 39
ED 177 178 57
ED 178 198 92
ED 178 179 39
ED 179 199 58
ED 180 200 33
ED 180 181 44
ED 181 201 38
ED 181 182 90
ED 182 202 60
ED 182 183 100
ED 183 203 61
ED 183 184 6
ED 184 204 19
ED 184 185 46
ED 185 205 44
ED 185 186 45
ED 186 206 41
ED 186 187 25
ED 187 207 61
ED 187 188 31
ED 188 208 30
ED 188 189 33
ED 189 209 33
ED 189 190 44
ED 190 210 45
ED 190 191 31
ED 191 211 13
ED 191 192 40
ED 192 212 37
ED 192 193 17
ED 193 213 22
ED 193 194 29
ED 194 214 38
ED 194 195 76
ED 195 215 52
ED 195 196 65
ED 196 216 41
ED 196 197 76
ED 197 217 85
ED 197 198 58
ED 198 218 76
ED 198 199 20
ED 199 219 49
ED 200 220 16
ED 200 201 16
ED 201 221 44
ED 201 202 18
ED 202 222 14
ED 202 203 32
ED 203 223 31
ED 203 204 46
ED 204 224 42
ED 204 205 59
ED 205 225 8
ED 205 206 23
ED 206 226 14
ED 206 207 15
ED 207 227 44
ED 207 208 24
ED 208 228 26
ED 208 209 59
ED 209 229 43
ED 209 210 34
ED 210 230 40
ED 210 211 12
ED 211 231 62
ED 211 212 55
ED 212 232 70
ED 212 213 57
ED 213 233 77
ED 213 214 41
ED 214 234 59
ED 214 215 13
ED 215 235 26
ED 215 216 30
ED 216 236 44
ED 216 217 38
ED 217 237 52
ED 217 218 74
ED 218 238 51
ED 218 219 32
ED 219 239 53
ED 220 240 39
ED 220 221 68
ED 221 241 6
ED 221 222 36
ED 222 242 21
ED 222 223 61
ED 223 243 79
ED 223 224 45
ED 224 244 34
ED 224 225 31
ED 225 245 61
ED 225 226 39
ED 226 246 19
ED 226 227 23
ED 227 247 52
ED 227 228 65
ED 228 248 53
ED 228 229 8
ED 229 249 33
ED 229 230 44
ED 230 250 34
ED 230 231 54
ED 231 251 5
ED 231 232 75
ED 232 252 73
ED 232 233 90
ED 233 253 47
ED 233 234 60
ED 234 254 43
ED 234 235 41
ED 235 255 33
ED 235 236 24
ED 236 256 16
ED 236 237 38
ED 237 257 55
ED 237 238 27
ED 238 258 61
ED 238 239 44
ED 239 259 20
ED 240 260 47
ED 240 241 48
ED 241 261 71
ED 241 242 50
ED 242 262 13
ED 242 243 6
ED 243 263 81
ED 243 244 68
ED 244 264 67
ED 244 245 4
ED 245 265 51
ED 245 246 32
ED 246 266 56
ED 246 247 40
ED 247 267 33
ED 247 248 49
ED 248 268 38
ED 248 249 16
ED 249 269 40
ED 249 250 47
ED 250 270 36
ED 250 251 39
ED 251 271 58
ED 251 252 32
ED 252 272 36
ED 252 253 51
ED 253 273 32
ED 253 254 37
ED 254 274 9
ED 254 255 6
ED 255 275 20
ED 255 256 37
ED 256 276 4
ED 256 257 18
ED 257 277 29
ED 257 258 29
ED 258 278 24
ED 258 259 11
ED 259 279 55
ED 260 280 52
ED 260 261 23
ED 261 281 5
ED 261 262 62
ED 262 282 72
ED 262 263 69
ED 263 283 52
ED 263 264 78
ED 264 284 38
ED 264 265 16
ED 265 285 34
ED 265 266 49
ED 266 286 14
ED 266 267 57
ED 267 287 45
ED 267 268 47
ED 268 288 70
ED 268 269 82
ED 269 289 47
ED 269 270 11
ED 270 290 41
ED 270 271 12
ED 271 291 38
ED 271 272 75
ED 272 292 75
ED 272 273 31
ED 273 293 75
ED 273 274 64
ED 274 294 18
ED 274 275 10
ED 275 295 43
ED 275 276 57
ED 276 296 37
ED 276 277 47
ED 277 297 59
ED 277 278 60
ED 278 298 28
ED 278 279 65
ED 279 299 38
ED 280 300 49
ED 280 281 66
ED 281 301 72
ED 281 282 14
ED 282 302 31
ED 282 283 62
ED 283 303 52
ED 283 284 52
ED 284 304 25
ED 284 285 14
ED 285 305 13
ED 285 286 27
ED 286 306 47
ED 286 287 29
ED 287 307 52
ED 287 288 45
ED 288 308 18
ED 288 289 63
ED 289 309 30
ED 289 290 42
ED 290 310 20
ED 290 291 52
ED 291 311 32
ED 291 292 50
ED 292 312 6
ED 292 293 91
ED 293 313 32
ED 293 294 24
ED 294 314 34
ED 294 295 28
ED 295 315 70
ED 295 296 33
ED 296 316 10
ED 296 297 48
ED 297 317 16
ED 297 298 21
ED 298 318 14
ED 298 299 11
ED 299 319 41
ED 300 320 51
ED 300 301 48
ED 301 321 17
ED 301 302 56
ED 302 322 47
ED 302 303 29
ED 303 323 63
ED 303 304 63
ED 304 324 56
ED 304 305 35
ED 305 325 77
ED 305 306 29
ED 306 326 11
ED 306 307 33
ED 307 327 25
ED 307 308 47
ED 308 328 39
ED 308 309 54
ED 309 329 44
ED 309 310 71
ED 310 330 36
ED 310 311 43
ED 311 331 18
ED 311 312 61
ED 312 332 42
ED 312 313 65
ED 313 333 28
ED 313 314 11
ED 314 334 56
ED 314 315 61
ED 315 335 51
ED 315 316 59
ED 316 336 29
ED 316 317 56
ED 317 337 68
ED 317 318 34
ED 318 338 25
ED 318 319 43
ED 319 339 14
ED 320 340 53
ED 320 321 19
ED 321 341 42
ED 321 322 63
ED 322 342 10
ED 322 323 14
ED 323 343 39
ED 323 324 57
ED 324 344 19
ED 324 325 66
ED 325 345 47
ED 325 326 42
ED 326 346 30
ED 326 327 24
ED 327 347 21
ED 327 328 22
ED 328 348 40
ED 328 329 9
ED 329 349 45
ED 329 330 52
ED 330 350 60
ED 330 331 35
ED 331 351 22
ED 331 332 31
ED 332 352 35
ED 332 333 52
ED 333 353 59
ED 333 334 78
ED 334 354 37
ED 334 335 47
ED 335 355 26
ED 335 336 22
ED 336 356 70
ED 336 337 31
ED 337 357 8
ED 337 338 14
ED 338 358 50
ED 338 339 64
ED 339 359 33
ED 340 360 9
ED 340 341 34
ED 341 361 49
ED 341 342 34
ED 342 362 36
ED 342 343 31
ED 343 363 38
ED 343 344 53
ED 344 364 26
ED 344 345 11
ED 345 365 32
ED 345 346 51
ED 346 366 30
ED 346 347 62
ED 347 367 47
ED 347 348 72
ED 348 368 15
ED 348 349 55
ED 349 369 8
ED 349 350 53
ED 350 370 5
ED 350 351 27
ED 351 371 56
ED 351 352 36
ED 352 372 33
ED 352 353 62
ED 353 373 34
ED 353 354 50
ED 354 374 37
ED 354 355 18
ED 355 375 30
ED 355 356 37
ED 356 376 77
ED 356 357 87
ED 357 377 69
ED 357 358 39
ED 358 378 17
ED 358 359 65
ED 359 379 55
ED 360 380 8
ED 360 361 49
ED 361 381 48
ED 361 362 49
ED 362 382 48
ED 362 363 15
ED 363 383 6
ED 363 364 25
ED 364 384 28
ED 364 365 19
ED 365 385 52
ED 365 366 52
ED 366 386 15
ED 366 367 55
ED 367 387 18
ED 367 368 54
ED 368 388 14
ED 368 369 54
ED 369 389 20
ED 369 370 53
ED 370 390 25
ED 370 371 70
ED 371 391 75
ED 371 372 45
ED 372 392 29
ED 372 373 52
ED 373 393 13
ED 373 374 15
ED 374 394 52
ED 374 375 54
ED 375 395 17
ED 375 376 33
ED 376 396 30
ED 376 377 54
ED 377 397 56
ED 377 378 61
ED 378 398 45
ED 378 379 23
ED 379 399 42
ED 380 381 9
ED 381 382 30
ED 382 383 44
ED 383 384 17
ED 384 385 31
ED 385 386 19
ED 386 387 62
ED 387 388 70
ED 388 389 58
ED 389 390 16
ED 390 391 20
ED 391 392 12
ED 392 393 60
ED 393 394 44
ED 394 395 30
ED 395 396 51
ED 396 397 61
ED 397 398 63
ED 398 399 64
DM 1 227 1000 
DM 2 251 1000 
DM 3 358 1000 
DM 4 54 1000 
DM 5 165 1000 
DM 6 198 1000 
DM 7 332 1000 
ID 1 65 44 
DCD 1 100
DCD 2 309
OD 1 3
