VC 100
EC 261
DMC 3
IC 1
DCC 2
OC 1
NL 0
QN 1
ED 0 10 146
ED 0 1 179
ED 1 11 207
ED 1 2 157
ED 1 10 166
ED 2 12 233
ED 2 3 224
ED 3 13 168
ED 3 4 277
ED 3 12 126
ED 4 14 204
ED 4 5 189
ED 5 15 231
ED 5 6 205
ED 5 14 187
ED 6 16 207
ED 6 7 236
ED 7 17 204
ED 7 8 236
ED 7 16 95
ED 8 18 211
ED 8 9 221
ED 9 19 232
ED 9 18 186
ED 10 20 228
ED 10 11 165
ED 11 21 255
ED 11 12 201
ED 11 20 138
ED 12 22 176
ED 12 13 196
ED 12 1 162
ED 13 23 217
ED 13 14 200
ED 13 22 187
ED 14 24 217
ED 14 15 224
ED 14 3 161
ED 15 25 180
ED 15 16 248
ED 15 24 174
ED 16 26 262
ED 16 17 219
ED 16 5 192
ED 17 27 195
ED 17 18 253
ED 17 26 143
ED 18 28 169
ED 18 19 194
ED 18 7 179
ED 19 29 238
ED 19 28 166
ED 20 30 185
ED 20 21 241
ED 21 31 201
ED 21 22 176
ED 21 30 200
ED 22 32 234
ED 22 23 236
ED 22 11 193
ED 23 33 158
ED 23 24 198
ED 23 32 194
ED 24 34 227
ED 24 25 210
ED 24 13 127
ED 25 35 202
ED 25 26 157
ED 25 34 158
ED 26 36 167
ED 26 27 236
ED 26 15 175
ED 27 37 172
ED 27 28 209
ED 27 36 211
ED 28 38 224
ED 28 29 258
ED 28 17 156
ED 29 39 198
ED 29 38 137
ED 30 40 228
ED 30 31 218
ED 31 41 210
ED 31 32 187
ED 31 40 128
ED 32 42 141
ED 32 33 182
ED 32 21 127
ED 33 43 236
ED 33 34 206
ED 33 42 183
ED 34 44 217
ED 34 35 142
ED 34 23 177
ED 35 45 253
ED 35 36 188
ED 35 44 161
ED 36 46 168
ED 36 37 241
ED 36 25 154
ED 37 47 191
ED 37 38 173
ED 37 46 207
ED 38 48 189
ED 38 39 228
ED 38 27 106
ED 39 49 153
ED 39 48 146
ED 40 50 178
ED 40 41 189
ED 41 51 209
ED 41 42 226
ED 41 50 166
ED 42 52 240
ED 42 43 233
ED 42 31 147
ED 43 53 199
ED 43 44 221
ED 43 52 107
ED 44 54 179
ED 44 45 191
ED 44 33 206
ED 45 55 166
ED 45 46 234
ED 45 54 115
ED 46 56 221
ED 46 47 199
ED 46 35 155
ED 47 57 226
ED 47 48 203
ED 47 56 149
ED 48 58 246
ED 48 49 223
ED 48 37 106
ED 49 59 184
ED 49 58 158
ED 50 60 217
ED 50 51 272
ED 51 61 178
ED 51 52 228
ED 51 60 168
ED 52 62 174
ED 52 53 183
ED 52 41 214
ED 53 63 218
ED 53 54 233
ED 53 62 146
ED 54 64 226
ED 54 55 178
ED 54 43 222
ED 55 65 247
ED 55 56 183
ED 55 64 225
ED 56 66 212
ED 56 57 239
ED 56 45 136
ED 57 67 245
ED 57 58 163
ED 57 66 225
ED 58 68 139
ED 58 59 165
ED 58 47 229
ED 59 69 266
ED 59 68 125
ED 60 70 170
ED 60 61 211
ED 61 71 201
ED 61 62 224
ED 61 70 143
ED 62 72 247
ED 62 63 220
ED 62 51 148
ED 63 73 191
ED 63 64 193
ED 63 72 164
ED 64 74 179
ED 64 65 238
ED 64 53 131
ED 65 75 143
ED 65 66 216
ED 65 74 114
ED 66 76 219
ED 66 67 236
ED 66 55 119
ED 67 77 161
ED 67 68 285
ED 67 76 142
ED 68 78 211
ED 68 69 248
ED 68 57 157
ED 69 79 185
ED 69 78 183
ED 70 80 260
ED 70 71 251
ED 71 81 185
ED 71 72 141
ED 71 80 221
ED 72 82 180
ED 72 73 188
ED 72 61 158
ED 73 83 168
ED 73 74 269
ED 73 82 160
ED 74 84 230
ED 74 75 185
ED 74 63 198
ED 75 85 247
ED 75 76 175
ED 75 84 184
ED 76 86 192
ED 76 77 200
ED 76 65 163
ED 77 87 221
ED 77 78 187
ED 77 86 218
ED 78 88 267
ED 78 79 285
ED 78 67 135
ED 79 89 214
ED 79 88 213
ED 80 90 189
ED 80 81 189
ED 81 91 264
ED 81 82 162
ED 81 90 167
ED 82 92 191
ED 82 83 241
ED 82 71 106
ED 83 93 273
ED 83 84 151
ED 83 92 188
ED 84 94 159
ED 84 85 232
ED 84 73 196
ED 85 95 157
ED 85 86 181
ED 85 94 183
ED 86 96 185
ED 86 87 228
ED 86 75 140
ED 87 97 228
ED 87 88 164
ED 87 96 138
ED 88 98 150
ED 88 89 230
ED 88 77 145
ED 89 99 192
ED 89 98 150
ED 90 91 214
ED 91 92 262
ED 92 93 227
ED 92 81 184
ED 93 94 258
ED 94 95 186
ED 94 83 133
ED 95 96 232
ED 96 97 213
ED 96 85 139
ED 97 98 259
ED 98 99 238
ED 98 87 149
DM 1 62 1000 
DM 2 83 1000 
DM 3 86 1000 
ID 1 22 73 
DCD 1 69
DCD 2 8
OD 1 85
