VC 400
EC 1121
DMC 6
IC 1
DCC 1
OC 1
NL 0
QN 1
ED 0 20 191
ED 0 1 260
ED 1 21 183
ED 1 2 209
ED 1 20 166
ED 2 22 236
ED 2 3 207
ED 3 23 243
ED 3 4 164
ED 3 22 216
ED 4 24 191
ED 4 5 203
ED 5 25 238
ED 5 6 178
ED 5 24 210
ED 6 26 218
ED 6 7 226
ED 7 27 182
ED 7 8 202
ED 7 26 204
ED 8 28 150
ED 8 9 154
ED 9 29 201
ED 9 10 212
ED 9 28 148
ED 10 30 205
ED 10 11 193
ED 11 31 207
ED 11 12 246
ED 11 30 139
ED 12 32 246
ED 12 13 207
ED 13 33 240
ED 13 14 186
ED 13 32 225
ED 14 34 264
ED 14 15 289
ED 15 35 203
ED 15 16 243
ED 15 34 188
ED 16 36 252
ED 16 17 200
ED 17 37 259
ED 17 18 171
ED 17 36 245
ED 18 38 229
ED 18 19 174
ED 19 39 262
ED 19 38 219
ED 20 40 277
ED 20 21 179
ED 21 41 207
ED 21 22 198
ED 21 40 166
ED 22 42 171
ED 22 23 245
ED 22 1 113
ED 23 43 164
ED 23 24 187
ED 23 42 225
ED 24 44 213
ED 24 25 225
ED 24 3 137
ED 25 45 210
ED 25 26 185
ED 25 44 179
ED 26 46 208
ED 26 27 226
ED 26 5 156
ED 27 47 198
ED 27 28 209
ED 27 46 170
ED 28 48 248
ED 28 29 210
ED 28 7 107
ED 29 49 238
ED 29 30 247
ED 29 48 119
ED 30 50 178
ED 30 31 192
ED 30 9 230
ED 31 51 179
ED 31 32 177
ED 31 50 150
ED 32 52 203
ED 32 33 230
ED 32 11 121
ED 33 53 173
ED 33 34 199
ED 33 52 136
ED 34 54 206
ED 34 35 205
ED 34 13 177
ED 35 55 158
ED 35 36 191
ED 35 54 197
ED 36 56 172
ED 36 37 238
ED 36 15 102
ED 37 57 135
ED 37 38 190
ED 37 56 152
ED 38 58 140
ED 38 39 217
ED 38 17 166
ED 39 59 158
ED 39 58 151
ED 40 60 145
ED 40 41 164
ED 41 61 236
ED 41 42 186
ED 41 60 165
ED 42 62 182
ED 42 43 260
ED 42 21 165
ED 43 63 195
ED 43 44 147
ED 43 62 182
ED 44 64 172
ED 44 45 245
ED 44 23 111
ED 45 65 199
ED 45 46 195
ED 45 64 204
ED 46 66 171
ED 46 47 139
ED 46 25 190
ED 47 67 179
ED 47 48 239
ED 47 66 130
ED 48 68 189
ED 48 49 208
ED 48 27 161
ED 49 69 185
ED 49 50 231
ED 49 68 128
ED 50 70 182
ED 50 51 179
ED 50 29 230
ED 51 71 196
ED 51 52 219
ED 51 70 138
ED 52 72 170
ED 52 53 176
ED 52 31 154
ED 53 73 227
ED 53 54 143
ED 53 72 129
ED 54 74 145
ED 54 55 195
ED 54 33 138
ED 55 75 229
ED 55 56 230
ED 55 74 152
ED 56 76 218
ED 56 57 163
ED 56 35 165
ED 57 77 224
ED 57 58 228
ED 57 76 163
ED 58 78 205
ED 58 59 182
ED 58 37 161
ED 59 79 194
ED 59 78 123
ED 60 80 190
ED 60 61 248
ED 61 81 152
ED 61 62 249
ED 61 80 133
ED 62 82 231
ED 62 63 200
ED 62 41 177
ED 63 83 258
ED 63 64 186
ED 63 82 184
ED 64 84 239
ED 64 65 252
ED 64 43 111
ED 65 85 165
ED 65 66 210
ED 65 84 149
ED 66 86 231
ED 66 67 193
ED 66 45 124
ED 67 87 231
ED 67 68 205
ED 67 86 165
ED 68 88 242
ED 68 69 192
ED 68 47 230
ED 69 89 231
ED 69 70 229
ED 69 88 144
ED 70 90 248
ED 70 71 182
ED 70 49 161
ED 71 91 192
ED 71 72 262
ED 71 90 142
ED 72 92 206
ED 72 73 220
ED 72 51 189
ED 73 93 211
ED 73 74 212
ED 73 92 129
ED 74 94 207
ED 74 75 244
ED 74 53 140
ED 75 95 198
ED 75 76 229
ED 75 94 158
ED 76 96 216
ED 76 77 146
ED 76 55 204
ED 77 97 211
ED 77 78 265
ED 77 96 141
ED 78 98 232
ED 78 79 192
ED 78 57 209
ED 79 99 267
ED 79 98 177
ED 80 100 211
ED 80 81 168
ED 81 101 261
ED 81 82 197
ED 81 100 115
ED 82 102 225
ED 82 83 246
ED 82 61 128
ED 83 103 204
ED 83 84 234
ED 83 102 181
ED 84 104 214
ED 84 85 154
ED 84 63 211
ED 85 105 234
ED 85 86 218
ED 85 104 171
ED 86 106 168
ED 86 87 183
ED 86 65 189
ED 87 107 208
ED 87 88 177
ED 87 106 188
ED 88 108 131
ED 88 89 187
ED 88 67 224
ED 89 109 199
ED 89 90 215
ED 89 108 157
ED 90 110 201
ED 90 91 151
ED 90 69 192
ED 91 111 233
ED 91 92 244
ED 91 110 148
ED 92 112 237
ED 92 93 207
ED 92 71 221
ED 93 113 216
ED 93 94 230
ED 93 112 125
ED 94 114 193
ED 94 95 258
ED 94 73 124
ED 95 115 223
ED 95 96 187
ED 95 114 172
ED 96 116 197
ED 96 97 187
ED 96 75 184
ED 97 117 230
ED 97 98 193
ED 97 116 169
ED 98 118 181
ED 98 99 219
ED 98 77 235
ED 99 119 177
ED 99 118 150
ED 100 120 215
ED 100 101 226
ED 101 121 172
ED 101 102 191
ED 101 120 191
ED 102 122 219
ED 102 103 223
ED 102 81 192
ED 103 123 180
ED 103 104 229
ED 103 122 166
ED 104 124 206
ED 104 105 162
ED 104 83 175
ED 105 125 214
ED 105 106 245
ED 105 124 175
ED 106 126 197
ED 106 107 193
ED 106 85 173
ED 107 127 251
ED 107 108 241
ED 107 126 156
ED 108 128 219
ED 108 109 273
ED 108 87 121
ED 109 129 134
ED 109 110 218
ED 109 128 157
ED 110 130 193
ED 110 111 159
ED 110 89 190
ED 111 131 196
ED 111 112 235
ED 111 130 181
ED 112 132 194
ED 112 113 193
ED 112 91 209
ED 113 133 176
ED 113 114 263
ED 113 132 125
ED 114 134 212
ED 114 115 230
ED 114 93 165
ED 115 135 197
ED 115 116 259
ED 115 134 108
ED 116 136 213
ED 116 117 144
ED 116 95 173
ED 117 137 229
ED 117 118 264
ED 117 136 164
ED 118 138 221
ED 118 119 226
ED 118 97 164
ED 119 139 205
ED 119 138 227
ED 120 140 231
ED 120 121 230
ED 121 141 239
ED 121 122 178
ED 121 140 162
ED 122 142 160
ED 122 123 233
ED 122 101 145
ED 123 143 167
ED 123 124 140
ED 123 142 162
ED 124 144 162
ED 124 125 233
ED 124 103 142
ED 125 145 176
ED 125 126 216
ED 125 144 156
ED 126 146 235
ED 126 127 272
ED 126 105 158
ED 127 147 155
ED 127 128 250
ED 127 146 199
ED 128 148 229
ED 128 129 207
ED 128 107 193
ED 129 149 203
ED 129 130 130
ED 129 148 223
ED 130 150 174
ED 130 131 239
ED 130 109 102
ED 131 151 181
ED 131 132 211
ED 131 150 174
ED 132 152 204
ED 132 133 210
ED 132 111 186
ED 133 153 172
ED 133 134 214
ED 133 152 161
ED 134 154 215
ED 134 135 243
ED 134 113 177
ED 135 155 215
ED 135 136 157
ED 135 154 182
ED 136 156 177
ED 136 137 211
ED 136 115 154
ED 137 157 153
ED 137 138 227
ED 137 156 91
ED 138 158 234
ED 138 139 265
ED 138 117 161
ED 139 159 195
ED 139 158 161
ED 140 160 173
ED 140 141 240
ED 141 161 206
ED 141 142 243
ED 141 160 204
ED 142 162 176
ED 142 143 156
ED 142 121 202
ED 143 163 227
ED 143 144 206
ED 143 162 150
ED 144 164 233
ED 144 145 223
ED 144 123 125
ED 145 165 201
ED 145 146 153
ED 145 164 186
ED 146 166 204
ED 146 147 203
ED 146 125 118
ED 147 167 244
ED 147 148 192
ED 147 166 135
ED 148 168 202
ED 148 149 178
ED 148 127 118
ED 149 169 215
ED 149 150 202
ED 149 168 135
ED 150 170 236
ED 150 151 201
ED 150 129 136
ED 151 171 170
ED 151 152 232
ED 151 170 149
ED 152 172 210
ED 152 153 176
ED 152 131 181
ED 153 173 250
ED 153 154 182
ED 153 172 231
ED 154 174 185
ED 154 155 199
ED 154 133 140
ED 155 175 185
ED 155 156 268
ED 155 174 126
ED 156 176 166
ED 156 157 199
ED 156 135 144
ED 157 177 270
ED 157 158 174
ED 157 176 166
ED 158 178 207
ED 158 159 174
ED 158 137 225
ED 159 179 204
ED 159 178 148
ED 160 180 249
ED 160 161 245
ED 161 181 160
ED 161 162 272
ED 161 180 126
ED 162 182 200
ED 162 163 234
ED 162 141 124
ED 163 183 178
ED 163 164 182
ED 163 182 163
ED 164 184 218
ED 164 165 170
ED 164 143 204
ED 165 185 206
ED 165 166 222
ED 165 184 173
ED 166 186 208
ED 166 167 203
ED 166 145 165
ED 167 187 168
ED 167 168 259
ED 167 186 119
ED 168 188 218
ED 168 169 181
ED 168 147 212
ED 169 189 216
ED 169 170 168
ED 169 188 168
ED 170 190 171
ED 170 171 161
ED 170 149 219
ED 171 191 226
ED 171 172 139
ED 171 190 186
ED 172 192 184
ED 172 173 225
ED 172 151 155
ED 173 193 211
ED 173 174 249
ED 173 192 121
ED 174 194 183
ED 174 175 236
ED 174 153 140
ED 175 195 224
ED 175 176 239
ED 175 194 167
ED 176 196 272
ED 176 177 230
ED 176 155 204
ED 177 197 196
ED 177 178 265
ED 177 196 107
ED 178 198 144
ED 178 179 181
ED 178 157 193
ED 179 199 172
ED 179 198 158
ED 180 200 185
ED 180 181 154
ED 181 201 214
ED 181 182 242
ED 181 200 171
ED 182 202 240
ED 182 183 210
ED 182 161 172
ED 183 203 222
ED 183 184 159
ED 183 202 203
ED 184 204 126
ED 184 185 156
ED 184 163 170
ED 185 205 224
ED 185 186 243
ED 185 204 150
ED 186 206 170
ED 186 187 169
ED 186 165 209
ED 187 207 204
ED 187 188 233
ED 187 206 179
ED 188 208 210
ED 188 189 164
ED 188 167 205
ED 189 209 244
ED 189 190 191
ED 189 208 208
ED 190 210 221
ED 190 191 211
ED 190 169 140
ED 191 211 203
ED 191 192 206
ED 191 210 155
ED 192 212 168
ED 192 193 252
ED 192 171 181
ED 193 213 146
ED 193 194 234
ED 193 212 161
ED 194 214 233
ED 194 195 218
ED 194 173 183
ED 195 215 209
ED 195 196 243
ED 195 214 131
ED 196 216 203
ED 196 197 205
ED 196 175 171
ED 197 217 175
ED 197 198 221
ED 197 216 195
ED 198 218 248
ED 198 199 181
ED 198 177 205
ED 199 219 199
ED 199 218 154
ED 200 220 209
ED 200 201 217
ED 201 221 152
ED 201 202 191
ED 201 220 199
ED 202 222 162
ED 202 203 214
ED 202 181 154
ED 203 223 248
ED 203 204 210
ED 203 222 176
ED 204 224 222
ED 204 205 260
ED 204 183 124
ED 205 225 184
ED 205 206 229
ED 205 224 89
ED 206 226 236
ED 206 207 267
ED 206 185 152
ED 207 227 182
ED 207 208 161
ED 207 226 152
ED 208 228 173
ED 208 209 252
ED 208 187 149
ED 209 229 158
ED 209 210 227
ED 209 228 129
ED 210 230 187
ED 210 211 199
ED 210 189 181
ED 211 231 225
ED 211 212 222
ED 211 230 201
ED 212 232 220
ED 212 213 193
ED 212 191 180
ED 213 233 210
ED 213 214 179
ED 213 232 162
ED 214 234 167
ED 214 215 222
ED 214 193 107
ED 215 235 198
ED 215 216 215
ED 215 234 164
ED 216 236 165
ED 216 217 129
ED 216 195 204
ED 217 237 198
ED 217 218 222
ED 217 236 111
ED 218 238 215
ED 218 219 140
ED 218 197 145
ED 219 239 261
ED 219 238 179
ED 220 240 153
ED 220 221 204
ED 221 241 251
ED 221 222 178
ED 221 240 161
ED 222 242 280
ED 222 223 291
ED 222 201 117
ED 223 243 150
ED 223 224 274
ED 223 242 141
ED 224 244 231
ED 224 225 211
ED 224 203 202
ED 225 245 166
ED 225 226 224
ED 225 244 192
ED 226 246 212
ED 226 227 199
ED 226 205 202
ED 227 247 213
ED 227 228 212
ED 227 246 201
ED 228 248 185
ED 228 229 180
ED 228 207 169
ED 229 249 173
ED 229 230 211
ED 229 248 98
ED 230 250 215
ED 230 231 225
ED 230 209 130
ED 231 251 194
ED 231 232 227
ED 231 250 162
ED 232 252 181
ED 232 233 194
ED 232 211 131
ED 233 253 204
ED 233 234 205
ED 233 252 173
ED 234 254 205
ED 234 235 261
ED 234 213 138
ED 235 255 151
ED 235 236 254
ED 235 254 136
ED 236 256 223
ED 236 237 154
ED 236 215 199
ED 237 257 195
ED 237 238 156
ED 237 256 162
ED 238 258 140
ED 238 239 240
ED 238 217 212
ED 239 259 196
ED 239 258 159
ED 240 260 194
ED 240 241 242
ED 241 261 222
ED 241 242 201
ED 241 260 183
ED 242 262 153
ED 242 243 137
ED 242 221 224
ED 243 263 196
ED 243 244 189
ED 243 262 116
ED 244 264 205
ED 244 245 245
ED 244 223 105
ED 245 265 208
ED 245 246 153
ED 245 264 228
ED 246 266 203
ED 246 247 223
ED 246 225 161
ED 247 267 233
ED 247 248 232
ED 247 266 171
ED 248 268 269
ED 248 249 193
ED 248 227 157
ED 249 269 249
ED 249 250 158
ED 249 268 188
ED 250 270 210
ED 250 251 225
ED 250 229 193
ED 251 271 183
ED 251 252 204
ED 251 270 222
ED 252 272 222
ED 252 253 257
ED 252 231 113
ED 253 273 210
ED 253 254 212
ED 253 272 212
ED 254 274 236
ED 254 255 178
ED 254 233 182
ED 255 275 192
ED 255 256 229
ED 255 274 174
ED 256 276 183
ED 256 257 147
ED 256 235 185
ED 257 277 238
ED 257 258 220
ED 257 276 157
ED 258 278 192
ED 258 259 207
ED 258 237 189
ED 259 279 177
ED 259 278 109
ED 260 280 270
ED 260 261 273
ED 261 281 150
ED 261 262 256
ED 261 280 194
ED 262 282 178
ED 262 263 191
ED 262 241 173
ED 263 283 253
ED 263 264 153
ED 263 282 171
ED 264 284 234
ED 264 265 219
ED 264 243 149
ED 265 285 239
ED 265 266 205
ED 265 284 182
ED 266 286 179
ED 266 267 216
ED 266 245 182
ED 267 287 196
ED 267 268 214
ED 267 286 175
ED 268 288 207
ED 268 269 186
ED 268 247 178
ED 269 289 187
ED 269 270 158
ED 269 288 228
ED 270 290 212
ED 270 271 232
ED 270 249 161
ED 271 291 242
ED 271 272 166
ED 271 290 245
ED 272 292 228
ED 272 273 268
ED 272 251 81
ED 273 293 224
ED 273 274 157
ED 273 292 179
ED 274 294 233
ED 274 275 191
ED 274 253 129
ED 275 295 254
ED 275 276 222
ED 275 294 205
ED 276 296 210
ED 276 277 165
ED 276 255 223
ED 277 297 225
ED 277 278 261
ED 277 296 163
ED 278 298 233
ED 278 279 234
ED 278 257 172
ED 279 299 236
ED 279 298 179
ED 280 300 170
ED 280 281 172
ED 281 301 232
ED 281 282 244
ED 281 300 178
ED 282 302 224
ED 282 283 242
ED 282 261 154
ED 283 303 140
ED 283 284 216
ED 283 302 164
ED 284 304 183
ED 284 285 217
ED 284 263 167
ED 285 305 232
ED 285 286 200
ED 285 304 183
ED 286 306 201
ED 286 287 258
ED 286 265 169
ED 287 307 180
ED 287 288 162
ED 287 306 190
ED 288 308 176
ED 288 289 204
ED 288 267 107
ED 289 309 181
ED 289 290 153
ED 289 308 185
ED 290 310 152
ED 290 291 223
ED 290 269 116
ED 291 311 137
ED 291 292 239
ED 291 310 163
ED 292 312 205
ED 292 293 204
ED 292 271 150
ED 293 313 193
ED 293 294 169
ED 293 312 145
ED 294 314 180
ED 294 295 207
ED 294 273 134
ED 295 315 183
ED 295 296 205
ED 295 314 135
ED 296 316 197
ED 296 297 237
ED 296 275 168
ED 297 317 144
ED 297 298 242
ED 297 316 182
ED 298 318 207
ED 298 299 226
ED 298 277 209
ED 299 319 199
ED 299 318 158
ED 300 320 205
ED 300 301 245
ED 301 321 220
ED 301 302 199
ED 301 320 156
ED 302 322 206
ED 302 303 179
ED 302 281 171
ED 303 323 273
ED 303 304 216
ED 303 322 113
ED 304 324 224
ED 304 305 194
ED 304 283 168
ED 305 325 203
ED 305 306 261
ED 305 324 132
ED 306 326 228
ED 306 307 247
ED 306 285 123
ED 307 327 183
ED 307 308 167
ED 307 326 203
ED 308 328 179
ED 308 309 174
ED 308 287 91
ED 309 329 272
ED 309 310 207
ED 309 328 113
ED 310 330 196
ED 310 311 211
ED 310 289 143
ED 311 331 213
ED 311 312 187
ED 311 330 202
ED 312 332 226
ED 312 313 224
ED 312 291 177
ED 313 333 158
ED 313 314 177
ED 313 332 235
ED 314 334 162
ED 314 315 171
ED 314 293 168
ED 315 335 171
ED 315 316 204
ED 315 334 86
ED 316 336 217
ED 316 317 246
ED 316 295 136
ED 317 337 264
ED 317 318 167
ED 317 336 203
ED 318 338 200
ED 318 319 202
ED 318 297 187
ED 319 339 175
ED 319 338 192
ED 320 340 180
ED 320 321 229
ED 321 341 153
ED 321 322 242
ED 321 340 183
ED 322 342 260
ED 322 323 231
ED 322 301 176
ED 323 343 133
ED 323 324 185
ED 323 342 211
ED 324 344 181
ED 324 325 194
ED 324 303 218
ED 325 345 145
ED 325 326 235
ED 325 344 150
ED 326 346 200
ED 326 327 180
ED 326 305 194
ED 327 347 197
ED 327 328 230
ED 327 346 179
ED 328 348 251
ED 328 329 255
ED 328 307 132
ED 329 349 163
ED 329 330 209
ED 329 348 151
ED 330 350 177
ED 330 331 230
ED 330 309 169
ED 331 351 251
ED 331 332 148
ED 331 350 164
ED 332 352 141
ED 332 333 201
ED 332 311 171
ED 333 353 245
ED 333 334 217
ED 333 352 181
ED 334 354 222
ED 334 335 162
ED 334 313 147
ED 335 355 257
ED 335 336 229
ED 335 354 151
ED 336 356 181
ED 336 337 195
ED 336 315 211
ED 337 357 186
ED 337 338 207
ED 337 356 184
ED 338 358 186
ED 338 339 211
ED 338 317 124
ED 339 359 233
ED 339 358 154
ED 340 360 213
ED 340 341 185
ED 341 361 234
ED 341 342 165
ED 341 360 131
ED 342 362 165
ED 342 343 225
ED 342 321 120
ED 343 363 265
ED 343 344 130
ED 343 362 194
ED 344 364 199
ED 344 345 213
ED 344 323 113
ED 345 365 187
ED 345 346 159
ED 345 364 179
ED 346 366 208
ED 346 347 204
ED 346 325 173
ED 347 367 187
ED 347 348 197
ED 347 366 195
ED 348 368 190
ED 348 349 129
ED 348 327 220
ED 349 369 251
ED 349 350 238
ED 349 368 174
ED 350 370 227
ED 350 351 287
ED 350 329 110
ED 351 371 146
ED 351 352 222
ED 351 370 184
ED 352 372 248
ED 352 353 232
ED 352 331 149
ED 353 373 159
ED 353 354 208
ED 353 372 159
ED 354 374 209
ED 354 355 261
ED 354 333 149
ED 355 375 162
ED 355 356 203
ED 355 374 203
ED 356 376 226
ED 356 357 249
ED 356 335 162
ED 357 377 220
ED 357 358 215
ED 357 376 130
ED 358 378 246
ED 358 359 232
ED 358 337 144
ED 359 379 196
ED 359 378 172
ED 360 380 246
ED 360 361 191
ED 361 381 233
ED 361 362 235
ED 361 380 144
ED 362 382 200
ED 362 363 226
ED 362 341 211
ED 363 383 196
ED 363 364 217
ED 363 382 189
ED 364 384 195
ED 364 365 192
ED 364 343 164
ED 365 385 239
ED 365 366 144
ED 365 384 226
ED 366 386 184
ED 366 367 135
ED 366 345 178
ED 367 387 212
ED 367 368 180
ED 367 386 162
ED 368 388 240
ED 368 369 272
ED 368 347 127
ED 369 389 161
ED 369 370 223
ED 369 388 157
ED 370 390 232
ED 370 371 216
ED 370 349 190
ED 371 391 198
ED 371 372 154
ED 371 390 229
ED 372 392 196
ED 372 373 178
ED 372 351 123
ED 373 393 247
ED 373 374 156
ED 373 392 223
ED 374 394 210
ED 374 375 215
ED 374 353 138
ED 375 395 226
ED 375 376 224
ED 375 394 184
ED 376 396 228
ED 376 377 218
ED 376 355 160
ED 377 397 168
ED 377 378 174
ED 377 396 152
ED 378 398 173
ED 378 379 193
ED 378 357 148
ED 379 399 191
ED 379 398 122
ED 380 381 189
ED 381 382 224
ED 382 383 266
ED 382 361 152
ED 383 384 189
ED 384 385 201
ED 384 363 117
ED 385 386 210
ED 386 387 194
ED 386 365 159
ED 387 388 189
ED 388 389 151
ED 388 367 256
ED 389 390 166
ED 390 391 170
ED 390 369 102
ED 391 392 167
ED 392 393 242
ED 392 371 126
ED 393 394 188
ED 394 395 232
ED 394 373 158
ED 395 396 209
ED 396 397 167
ED 396 375 209
ED 397 398 198
ED 398 399 205
ED 398 377 135
DM 1 113 1000 
DM 2 255 1000 
DM 3 218 1000 
DM 4 222 1000 
DM 5 185 1000 
DM 6 310 1000 
ID 1 80 46 
DCD 1 317
OD 1 307
