VC 400
EC 399
DMC 1
IC 1
DCC 1
OC 1
NL 0
QN 1
ED 0 1 102
ED 1 2 85
ED 2 3 110
ED 3 4 100
ED 4 5 139
ED 5 6 82
ED 6 7 142
ED 7 8 87
ED 8 9 144
ED 9 10 63
ED 10 11 144
ED 11 12 73
ED 12 13 131
ED 13 14 91
ED 14 15 89
ED 15 16 150
ED 16 17 102
ED 17 18 45
ED 18 19 125
ED 19 20 80
ED 20 21 143
ED 21 22 101
ED 22 23 141
ED 23 24 81
ED 24 25 93
ED 25 26 145
ED 26 27 97
ED 27 28 72
ED 28 29 150
ED 29 30 86
ED 30 31 105
ED 31 32 113
ED 32 33 110
ED 33 34 86
ED 34 35 102
ED 35 36 87
ED 36 37 109
ED 37 38 68
ED 38 39 157
ED 39 40 62
ED 40 41 85
ED 41 42 105
ED 42 43 144
ED 43 44 136
ED 44 45 107
ED 45 46 79
ED 46 47 170
ED 47 48 76
ED 48 49 125
ED 49 50 74
ED 50 51 136
ED 51 52 77
ED 52 53 127
ED 53 54 95
ED 54 55 148
ED 55 56 62
ED 56 57 100
ED 57 58 122
ED 58 59 111
ED 59 60 116
ED 60 61 115
ED 61 62 44
ED 62 63 143
ED 63 64 118
ED 64 65 88
ED 65 66 63
ED 66 67 139
ED 67 68 105
ED 68 69 68
ED 69 70 127
ED 70 71 112
ED 71 72 121
ED 72 73 60
ED 73 74 139
ED 74 75 131
ED 75 76 46
ED 76 77 179
ED 77 78 75
ED 78 79 164
ED 79 80 114
ED 80 81 145
ED 81 82 78
ED 82 83 128
ED 83 84 102
ED 84 85 67
ED 85 86 102
ED 86 87 70
ED 87 88 145
ED 88 89 121
ED 89 90 80
ED 90 91 112
ED 91 92 62
ED 92 93 125
ED 93 94 122
ED 94 95 97
ED 95 96 107
ED 96 97 65
ED 97 98 78
ED 98 99 115
ED 99 100 119
ED 100 101 148
ED 101 102 74
ED 102 103 128
ED 103 104 28
ED 104 105 134
ED 105 106 98
ED 106 107 160
ED 107 108 93
ED 108 109 136
ED 109 110 97
ED 110 111 70
ED 111 112 92
ED 112 113 94
ED 113 114 158
ED 114 115 108
ED 115 116 134
ED 116 117 93
ED 117 118 78
ED 118 119 137
ED 119 120 128
ED 120 121 41
ED 121 122 139
ED 122 123 131
ED 123 124 58
ED 124 125 127
ED 125 126 146
ED 126 127 88
ED 127 128 84
ED 128 129 157
ED 129 130 76
ED 130 131 78
ED 131 132 120
ED 132 133 101
ED 133 134 120
ED 134 135 104
ED 135 136 92
ED 136 137 94
ED 137 138 109
ED 138 139 92
ED 139 140 147
ED 140 141 119
ED 141 142 83
ED 142 143 71
ED 143 144 154
ED 144 145 93
ED 145 146 76
ED 146 147 97
ED 147 148 73
ED 148 149 103
ED 149 150 165
ED 150 151 106
ED 151 152 37
ED 152 153 118
ED 153 154 83
ED 154 155 155
ED 155 156 91
ED 156 157 82
ED 157 158 113
ED 158 159 87
ED 159 160 125
ED 160 161 100
ED 161 162 51
ED 162 163 130
ED 163 164 114
ED 164 165 108
ED 165 166 81
ED 166 167 130
ED 167 168 117
ED 168 169 101
ED 169 170 71
ED 170 171 76
ED 171 172 112
ED 172 173 151
ED 173 174 60
ED 174 175 173
ED 175 176 86
ED 176 177 75
ED 177 178 161
ED 178 179 93
ED 179 180 86
ED 180 181 121
ED 181 182 71
ED 182 183 98
ED 183 184 124
ED 184 185 41
ED 185 186 143
ED 186 187 110
ED 187 188 96
ED 188 189 68
ED 189 190 155
ED 190 191 75
ED 191 192 100
ED 192 193 95
ED 193 194 126
ED 194 195 108
ED 195 196 122
ED 196 197 55
ED 197 198 110
ED 198 199 121
ED 199 200 118
ED 200 201 117
ED 201 202 76
ED 202 203 169
ED 203 204 67
ED 204 205 149
ED 205 206 40
ED 206 207 139
ED 207 208 115
ED 208 209 122
ED 209 210 38
ED 210 211 128
ED 211 212 109
ED 212 213 135
ED 213 214 104
ED 214 215 71
ED 215 216 107
ED 216 217 117
ED 217 218 112
ED 218 219 105
ED 219 220 148
ED 220 221 64
ED 221 222 127
ED 222 223 68
ED 223 224 114
ED 224 225 90
ED 225 226 97
ED 226 227 141
ED 227 228 100
ED 228 229 107
ED 229 230 88
ED 230 231 132
ED 231 232 111
ED 232 233 81
ED 233 234 108
ED 234 235 81
ED 235 236 82
ED 236 237 124
ED 237 238 146
ED 238 239 83
ED 239 240 110
ED 240 241 137
ED 241 242 103
ED 242 243 93
ED 243 244 114
ED 244 245 117
ED 245 246 71
ED 246 247 111
ED 247 248 105
ED 248 249 81
ED 249 250 78
ED 250 251 108
ED 251 252 108
ED 252 253 104
ED 253 254 144
ED 254 255 55
ED 255 256 130
ED 256 257 74
ED 257 258 170
ED 258 259 72
ED 259 260 97
ED 260 261 115
ED 261 262 125
ED 262 263 67
ED 263 264 138
ED 264 265 122
ED 265 266 59
ED 266 267 134
ED 267 268 114
ED 268 269 83
ED 269 270 113
ED 270 271 139
ED 271 272 95
ED 272 273 63
ED 273 274 137
ED 274 275 92
ED 275 276 131
ED 276 277 55
ED 277 278 150
ED 278 279 73
ED 279 280 124
ED 280 281 100
ED 281 282 147
ED 282 283 53
ED 283 284 157
ED 284 285 80
ED 285 286 122
ED 286 287 101
ED 287 288 74
ED 288 289 148
ED 289 290 68
ED 290 291 148
ED 291 292 126
ED 292 293 49
ED 293 294 98
ED 294 295 106
ED 295 296 96
ED 296 297 133
ED 297 298 110
ED 298 299 55
ED 299 300 161
ED 300 301 46
ED 301 302 146
ED 302 303 137
ED 303 304 111
ED 304 305 88
ED 305 306 137
ED 306 307 69
ED 307 308 179
ED 308 309 94
ED 309 310 62
ED 310 311 144
ED 311 312 86
ED 312 313 57
ED 313 314 121
ED 314 315 149
ED 315 316 100
ED 316 317 90
ED 317 318 117
ED 318 319 121
ED 319 320 104
ED 320 321 62
ED 321 322 162
ED 322 323 78
ED 323 324 140
ED 324 325 91
ED 325 326 77
ED 326 327 139
ED 327 328 95
ED 328 329 145
ED 329 330 101
ED 330 331 111
ED 331 332 121
ED 332 333 69
ED 333 334 100
ED 334 335 105
ED 335 336 138
ED 336 337 89
ED 337 338 119
ED 338 339 31
ED 339 340 116
ED 340 341 108
ED 341 342 89
ED 342 343 109
ED 343 344 154
ED 344 345 46
ED 345 346 156
ED 346 347 51
ED 347 348 116
ED 348 349 88
ED 349 350 161
ED 350 351 95
ED 351 352 92
ED 352 353 76
ED 353 354 80
ED 354 355 158
ED 355 356 71
ED 356 357 137
ED 357 358 89
ED 358 359 78
ED 359 360 170
ED 360 361 127
ED 361 362 68
ED 362 363 93
ED 363 364 127
ED 364 365 122
ED 365 366 96
ED 366 367 85
ED 367 368 57
ED 368 369 145
ED 369 370 88
ED 370 371 133
ED 371 372 60
ED 372 373 169
ED 373 374 45
ED 374 375 184
ED 375 376 50
ED 376 377 132
ED 377 378 83
ED 378 379 109
ED 379 380 144
ED 380 381 139
ED 381 382 75
ED 382 383 90
ED 383 384 89
ED 384 385 141
ED 385 386 108
ED 386 387 52
ED 387 388 104
ED 388 389 139
ED 389 390 75
ED 390 391 176
ED 391 392 49
ED 392 393 105
ED 393 394 133
ED 394 395 72
ED 395 396 87
ED 396 397 135
ED 397 398 125
ED 398 399 68
DM 1 205 1000 
ID 1 30 30 
DCD 1 60
OD 1 195
