VC 100
EC 99
DMC 4
IC 1
DCC 3
OC 1
NL 0
QN 1
ED 0 1 54
ED 1 2 89
ED 2 3 152
ED 3 4 65
ED 4 5 108
ED 5 6 124
ED 6 7 103
ED 7 8 63
ED 8 9 107
ED 9 10 164
ED 10 11 40
ED 11 12 97
ED 12 13 159
ED 13 14 57
ED 14 15 149
ED 15 16 97
ED 16 17 94
ED 17 18 75
ED 18 19 119
ED 19 20 125
ED 20 21 125
ED 21 22 134
ED 22 23 127
ED 23 24 113
ED 24 25 79
ED 25 26 80
ED 26 27 109
ED 27 28 150
ED 28 29 69
ED 29 30 91
ED 30 31 119
ED 31 32 90
ED 32 33 158
ED 33 34 84
ED 34 35 137
ED 35 36 122
ED 36 37 46
ED 37 38 150
ED 38 39 118
ED 39 40 113
ED 40 41 119
ED 41 42 45
ED 42 43 110
ED 43 44 100
ED 44 45 123
ED 45 46 141
ED 46 47 73
ED 47 48 108
ED 48 49 129
ED 49 50 156
ED 50 51 72
ED 51 52 81
ED 52 53 99
ED 53 54 126
ED 54 55 58
ED 55 56 99
ED 56 57 178
ED 57 58 40
ED 58 59 152
ED 59 60 66
ED 60 61 99
ED 61 62 161
ED 62 63 90
ED 63 64 43
ED 64 65 135
ED 65 66 121
ED 66 67 74
ED 67 68 113
ED 68 69 151
ED 69 70 94
ED 70 71 88
ED 71 72 99
ED 72 73 174
ED 73 74 93
ED 74 75 86
ED 75 76 79
ED 76 77 120
ED 77 78 97
ED 78 79 102
ED 79 80 143
ED 80 81 86
ED 81 82 96
ED 82 83 123
ED 83 84 100
ED 84 85 87
ED 85 86 159
ED 86 87 49
ED 87 88 165
ED 88 89 84
ED 89 90 101
ED 90 91 122
ED 91 92 109
ED 92 93 103
ED 93 94 125
ED 94 95 71
ED 95 96 128
ED 96 97 159
ED 97 98 60
ED 98 99 112
DM 1 15 1000 
DM 2 49 1000 
DM 3 86 1000 
DM 4 88 1000 
ID 1 2 4 
DCD 1 48
DCD 2 77
DCD 3 91
OD 1 28
