VC 400
EC 760
DMC 7
IC 1
DCC 2
OC 1
NL 0
QN 1
ED 0 20 31
ED 0 1 76
ED 1 21 42
ED 1 2 35
ED 2 22 25
ED 2 3 43
ED 3 23 29
ED 3 4 86
ED 4 24 66
ED 4 5 72
ED 5 25 30
ED 5 6 54
ED 6 26 64
ED 6 7 35
ED 7 27 50
ED 7 8 59
ED 8 28 56
ED 8 9 72
ED 9 29 49
ED 9 10 44
ED 10 30 56
ED 10 11 66
ED 11 31 36
ED 11 12 71
ED 12 32 53
ED 12 13 16
ED 13 33 29
ED 13 14 34
ED 14 34 49
ED 14 15 19
ED 15 35 51
ED 15 16 27
ED 16 36 41
ED 16 17 25
ED 17 37 55
ED 17 18 56
ED 18 38 61
ED 18 19 47
ED 19 39 31
ED 20 40 67
ED 20 21 34
ED 21 41 50
ED 21 22 17
ED 22 42 54
ED 22 23 16
ED 23 43 27
ED 23 24 83
ED 24 44 48
ED 24 25 23
ED 25 45 76
ED 25 26 76
ED 26 46 31
ED 26 27 88
ED 27 47 19
ED 27 28 85
ED 28 48 41
ED 28 29 68
ED 29 49 70
ED 29 30 72
ED 30 50 43
ED 30 31 30
ED 31 51 72
ED 31 32 48
ED 32 52 28
ED 32 33 47
ED 33 53 42
ED 33 34 39
ED 34 54 10
ED 34 35 31
ED 35 55 29
ED 35 36 17
ED 36 56 64
ED 36 37 41
ED 37 57 59
ED 37 38 73
ED 38 58 37
ED 38 39 6
ED 39 59 53
ED 40 60 67
ED 40 41 79
ED 41 61 25
ED 41 42 14
ED 42 62 24
ED 42 43 72
ED 43 63 48
ED 43 44 52
ED 44 64 42
ED 44 45 63
ED 45 65 18
ED 45 46 28
ED 46 66 27
ED 46 47 44
ED 47 67 12
ED 47 48 32
ED 48 68 36
ED 48 49 39
ED 49 69 26
ED 49 50 31
ED 50 70 48
ED 50 51 91
ED 51 71 57
ED 51 52 15
ED 52 72 59
ED 52 53 71
ED 53 73 8
ED 53 54 22
ED 54 74 47
ED 54 55 4
ED 55 75 57
ED 55 56 58
ED 56 76 64
ED 56 57 46
ED 57 77 58
ED 57 58 44
ED 58 78 37
ED 58 59 42
ED 59 79 65
ED 60 80 4
ED 60 61 30
ED 61 81 42
ED 61 62 23
ED 62 82 69
ED 62 63 49
ED 63 83 54
ED 63 64 36
ED 64 84 24
ED 64 65 17
ED 65 85 54
ED 65 66 50
ED 66 86 77
ED 66 67 77
ED 67 87 75
ED 67 68 68
ED 68 88 77
ED 68 69 50
ED 69 89 52
ED 69 70 24
ED 70 90 34
ED 70 71 28
ED 71 91 74
ED 71 72 23
ED 72 92 20
ED 72 73 26
ED 73 93 58
ED 73 74 32
ED 74 94 55
ED 74 75 23
ED 75 95 21
ED 75 76 53
ED 76 96 32
ED 76 77 57
ED 77 97 46
ED 77 78 22
ED 78 98 62
ED 78 79 31
ED 79 99 20
ED 80 100 64
ED 80 81 31
ED 81 101 11
ED 81 82 56
ED 82 102 66
ED 82 83 74
ED 83 103 21
ED 83 84 71
ED 84 104 25
ED 84 85 66
ED 85 105 59
ED 85 86 78
ED 86 106 70
ED 86 87 32
ED 87 107 16
ED 87 88 72
ED 88 108 55
ED 88 89 54
ED 89 109 13
ED 89 90 20
ED 90 110 37
ED 90 91 76
ED 91 111 50
ED 91 92 55
ED 92 112 54
ED 92 93 53
ED 93 113 93
ED 93 94 52
ED 94 114 11
ED 94 95 53
ED 95 115 19
ED 95 96 28
ED 96 116 66
ED 96 97 63
ED 97 117 82
ED 97 98 92
ED 98 118 62
ED 98 99 58
ED 99 119 27
ED 100 120 38
ED 100 101 21
ED 101 121 23
ED 101 102 38
ED 102 122 22
ED 102 103 5
ED 103 123 18
ED 103 104 40
ED 104 124 31
ED 104 105 14
ED 105 125 4
ED 105 106 74
ED 106 126 86
ED 106 107 70
ED 107 127 74
ED 107 108 20
ED 108 128 43
ED 108 109 47
ED 109 129 52
ED 109 110 29
ED 110 130 37
ED 110 111 45
ED 111 131 26
ED 111 112 22
ED 112 132 28
ED 112 113 62
ED 113 133 80
ED 113 114 69
ED 114 134 68
ED 114 115 62
ED 115 135 70
ED 115 116 63
ED 116 136 37
ED 116 117 88
ED 117 137 57
ED 117 118 50
ED 118 138 38
ED 118 119 32
ED 119 139 43
ED 120 140 16
ED 120 121 37
ED 121 141 25
ED 121 122 46
ED 122 142 38
ED 122 123 11
ED 123 143 16
ED 123 124 51
ED 124 144 54
ED 124 125 32
ED 125 145 27
ED 125 126 45
ED 126 146 41
ED 126 127 91
ED 127 147 75
ED 127 128 45
ED 128 148 41
ED 128 129 64
ED 129 149 13
ED 129 130 56
ED 130 150 39
ED 130 131 32
ED 131 151 57
ED 131 132 14
ED 132 152 48
ED 132 133 57
ED 133 153 79
ED 133 134 17
ED 134 154 63
ED 134 135 68
ED 135 155 58
ED 135 136 46
ED 136 156 22
ED 136 137 30
ED 137 157 26
ED 137 138 23
ED 138 158 15
ED 138 139 61
ED 139 159 57
ED 140 160 35
ED 140 141 30
ED 141 161 36
ED 141 142 48
ED 142 162 70
ED 142 143 25
ED 143 163 21
ED 143 144 47
ED 144 164 42
ED 144 145 54
ED 145 165 31
ED 145 146 24
ED 146 166 38
ED 146 147 14
ED 147 167 29
ED 147 148 49
ED 148 168 64
ED 148 149 43
ED 149 169 25
ED 149 150 39
ED 150 170 18
ED 150 151 29
ED 151 171 38
ED 151 152 88
ED 152 172 70
ED 152 153 10
ED 153 173 42
ED 153 154 72
ED 154 174 74
ED 154 155 53
ED 155 175 38
ED 155 156 33
ED 156 176 56
ED 156 157 23
ED 157 177 34
ED 157 158 32
ED 158 178 25
ED 158 159 31
ED 159 179 69
ED 160 180 46
ED 160 161 16
ED 161 181 49
ED 161 162 18
ED 162 182 39
ED 162 163 73
ED 163 183 67
ED 163 164 34
ED 164 184 66
ED 164 165 12
ED 165 185 37
ED 165 166 39
ED 166 186 29
ED 166 167 53
ED 167 187 21
ED 167 168 39
ED 168 188 36
ED 168 169 22
ED 169 189 18
ED 169 170 9
ED 170 190 33
ED 170 171 12
ED 171 191 21
ED 171 172 28
ED 172 192 32
ED 172 173 49
ED 173 193 41
ED 173 174 11
ED 174 194 7
ED 174 175 36
ED 175 195 16
ED 175 176 65
ED 176 196 55
ED 176 177 47
ED 177 197 39
ED 177 178 25
ED 178 198 61
ED 178 179 27
ED 179 199 25
ED 180 200 26
ED 180 181 23
ED 181 201 64
ED 181 182 54
ED 182 202 63
ED 182 183 32
ED 183 203 17
ED 183 184 22
ED 184 204 60
ED 184 185 41
ED 185 205 32
ED 185 186 24
ED 186 206 18
ED 186 187 6
ED 187 207 43
ED 187 188 8
ED 188 208 20
ED 188 189 14
ED 189 209 49
ED 189 190 51
ED 190 210 15
ED 190 191 35
ED 191 211 37
ED 191 192 57
ED 192 212 6
ED 192 193 17
ED 193 213 75
ED 193 194 53
ED 194 214 40
ED 194 195 37
ED 195 215 27
ED 195 196 41
ED 196 216 43
ED 196 197 15
ED 197 217 66
ED 197 198 46
ED 198 218 14
ED 198 199 46
ED 199 219 35
ED 200 220 28
ED 200 201 38
ED 201 221 52
ED 201 202 73
ED 202 222 40
ED 202 203 64
ED 203 223 38
ED 203 204 63
ED 204 224 33
ED 204 205 11
ED 205 225 57
ED 205 206 69
ED 206 226 77
ED 206 207 59
ED 207 227 49
ED 207 208 37
ED 208 228 34
ED 208 209 22
ED 209 229 38
ED 209 210 47
ED 210 230 44
ED 210 211 51
ED 211 231 56
ED 211 212 55
ED 212 232 18
ED 212 213 74
ED 213 233 72
ED 213 214 47
ED 214 234 8
ED 214 215 7
ED 215 235 44
ED 215 216 44
ED 216 236 58
ED 216 217 71
ED 217 237 31
ED 217 218 49
ED 218 238 42
ED 218 219 74
ED 219 239 16
ED 220 240 81
ED 220 221 65
ED 221 241 20
ED 221 222 20
ED 222 242 12
ED 222 223 36
ED 223 243 17
ED 223 224 22
ED 224 244 67
ED 224 225 78
ED 225 245 42
ED 225 226 69
ED 226 246 69
ED 226 227 73
ED 227 247 17
ED 227 228 24
ED 228 248 36
ED 228 229 21
ED 229 249 65
ED 229 230 28
ED 230 250 46
ED 230 231 50
ED 231 251 58
ED 231 232 22
ED 232 252 52
ED 232 233 18
ED 233 253 27
ED 233 234 37
ED 234 254 24
ED 234 235 36
ED 235 255 23
ED 235 236 20
ED 236 256 66
ED 236 237 40
ED 237 257 77
ED 237 238 28
ED 238 258 15
ED 238 239 54
ED 239 259 44
ED 240 260 65
ED 240 241 52
ED 241 261 12
ED 241 242 14
ED 242 262 17
ED 242 243 20
ED 243 263 33
ED 243 244 42
ED 244 264 55
ED 244 245 31
ED 245 265 32
ED 245 246 51
ED 246 266 22
ED 246 247 70
ED 247 267 74
ED 247 248 50
ED 248 268 28
ED 248 249 49
ED 249 269 58
ED 249 250 82
ED 250 270 84
ED 250 251 78
ED 251 271 28
ED 251 252 38
ED 252 272 59
ED 252 253 46
ED 253 273 32
ED 253 254 15
ED 254 274 32
ED 254 255 41
ED 255 275 12
ED 255 256 54
ED 256 276 23
ED 256 257 76
ED 257 277 33
ED 257 258 65
ED 258 278 31
ED 258 259 48
ED 259 279 47
ED 260 280 28
ED 260 261 15
ED 261 281 45
ED 261 262 20
ED 262 282 59
ED 262 263 41
ED 263 283 27
ED 263 264 61
ED 264 284 23
ED 264 265 61
ED 265 285 53
ED 265 266 55
ED 266 286 53
ED 266 267 35
ED 267 287 13
ED 267 268 69
ED 268 288 13
ED 268 269 9
ED 269 289 53
ED 269 270 60
ED 270 290 47
ED 270 271 27
ED 271 291 32
ED 271 272 44
ED 272 292 15
ED 272 273 63
ED 273 293 9
ED 273 274 21
ED 274 294 44
ED 274 275 43
ED 275 295 43
ED 275 276 51
ED 276 296 58
ED 276 277 23
ED 277 297 41
ED 277 278 58
ED 278 298 46
ED 278 279 52
ED 279 299 16
ED 280 300 17
ED 280 281 35
ED 281 301 12
ED 281 282 64
ED 282 302 11
ED 282 283 14
ED 283 303 28
ED 283 284 34
ED 284 304 27
ED 284 285 14
ED 285 305 7
ED 285 286 64
ED 286 306 56
ED 286 287 22
ED 287 307 60
ED 287 288 53
ED 288 308 24
ED 288 289 52
ED 289 309 21
ED 289 290 44
ED 290 310 14
ED 290 291 19
ED 291 311 21
ED 291 292 39
ED 292 312 24
ED 292 293 57
ED 293 313 41
ED 293 294 63
ED 294 314 9
ED 294 295 73
ED 295 315 21
ED 295 296 33
ED 296 316 73
ED 296 297 68
ED 297 317 58
ED 297 298 34
ED 298 318 32
ED 298 299 11
ED 299 319 13
ED 300 320 37
ED 300 301 43
ED 301 321 46
ED 301 302 57
ED 302 322 23
ED 302 303 16
ED 303 323 37
ED 303 304 28
ED 304 324 30
ED 304 305 41
ED 305 325 43
ED 305 306 21
ED 306 326 8
ED 306 307 54
ED 307 327 71
ED 307 308 66
ED 308 328 53
ED 308 309 57
ED 309 329 36
ED 309 310 29
ED 310 330 20
ED 310 311 27
ED 311 331 36
ED 311 312 22
ED 312 332 58
ED 312 313 18
ED 313 333 54
ED 313 314 16
ED 314 334 13
ED 314 315 48
ED 315 335 14
ED 315 316 39
ED 316 336 59
ED 316 317 60
ED 317 337 64
ED 317 318 49
ED 318 338 17
ED 318 319 46
ED 319 339 26
ED 320 340 41
ED 320 321 40
ED 321 341 32
ED 321 322 24
ED 322 342 11
ED 322 323 24
ED 323 343 28
ED 323 324 41
ED 324 344 67
ED 324 325 19
ED 325 345 27
ED 325 326 42
ED 326 346 48
ED 326 327 46
ED 327 347 38
ED 327 328 36
ED 328 348 90
ED 328 329 67
ED 329 349 49
ED 329 330 81
ED 330 350 82
ED 330 331 56
ED 331 351 48
ED 331 332 45
ED 332 352 94
ED 332 333 52
ED 333 353 31
ED 333 334 47
ED 334 354 17
ED 334 335 25
ED 335 355 33
ED 335 336 36
ED 336 356 7
ED 336 337 81
ED 337 357 21
ED 337 338 52
ED 338 358 27
ED 338 339 33
ED 339 359 35
ED 340 360 46
ED 340 341 18
ED 341 361 44
ED 341 342 14
ED 342 362 33
ED 342 343 22
ED 343 363 47
ED 343 344 26
ED 344 364 62
ED 344 345 67
ED 345 365 73
ED 345 346 12
ED 346 366 30
ED 346 347 46
ED 347 367 25
ED 347 348 65
ED 348 368 36
ED 348 349 39
ED 349 369 45
ED 349 350 16
ED 350 370 62
ED 350 351 24
ED 351 371 32
ED 351 352 94
ED 352 372 83
ED 352 353 57
ED 353 373 35
ED 353 354 26
ED 354 374 41
ED 354 355 55
ED 355 375 30
ED 355 356 26
ED 356 376 58
ED 356 357 89
ED 357 377 48
ED 357 358 70
ED 358 378 87
ED 358 359 79
ED 359 379 30
ED 360 380 73
ED 360 361 72
ED 361 381 36
ED 361 362 37
ED 362 382 26
ED 362 363 56
ED 363 383 16
ED 363 364 65
ED 364 384 21
ED 364 365 62
ED 365 385 42
ED 365 366 52
ED 366 386 54
ED 366 367 10
ED 367 387 38
ED 367 368 24
ED 368 388 63
ED 368 369 37
ED 369 389 56
ED 369 370 76
ED 370 390 59
ED 370 371 41
ED 371 391 55
ED 371 372 12
ED 372 392 59
ED 372 373 58
ED 373 393 35
ED 373 374 43
ED 374 394 9
ED 374 375 13
ED 375 395 29
ED 375 376 31
ED 376 396 39
ED 376 377 27
ED 377 397 14
ED 377 378 37
ED 378 398 31
ED 378 379 54
ED 379 399 28
ED 380 381 68
ED 381 382 80
ED 382 383 59
ED 383 384 47
ED 384 385 4
ED 385 386 55
ED 386 387 70
ED 387 388 31
ED 388 389 65
ED 389 390 64
ED 390 391 33
ED 391 392 10
ED 392 393 54
ED 393 394 57
ED 394 395 22
ED 395 396 45
ED 396 397 24
ED 397 398 26
ED 398 399 59
DM 1 88 1000 
DM 2 148 1000 
DM 3 123 1000 
DM 4 12 1000 
DM 5 77 1000 
DM 6 119 1000 
DM 7 354 1000 
ID 1 17 100 
DCD 1 360
DCD 2 29
OD 1 8
