VC 25
EC 56
DMC 6
IC 1
DCC 2
OC 1
NL 0
QN 1
ED 0 5 231
ED 0 1 166
ED 1 6 261
ED 1 2 243
ED 1 5 144
ED 2 7 256
ED 2 3 234
ED 3 8 174
ED 3 4 187
ED 3 7 195
ED 4 9 185
ED 5 10 184
ED 5 6 194
ED 6 11 159
ED 6 7 239
ED 6 10 89
ED 7 12 130
ED 7 8 170
ED 7 1 236
ED 8 13 209
ED 8 9 186
ED 8 12 133
ED 9 14 252
ED 9 3 88
ED 10 15 193
ED 10 11 158
ED 11 16 179
ED 11 12 284
ED 11 15 105
ED 12 17 250
ED 12 13 215
ED 12 6 222
ED 13 18 207
ED 13 14 179
ED 13 17 178
ED 14 19 226
ED 14 8 183
ED 15 20 217
ED 15 16 182
ED 16 21 252
ED 16 17 187
ED 16 20 161
ED 17 22 198
ED 17 18 159
ED 17 11 231
ED 18 23 230
ED 18 19 174
ED 18 22 153
ED 19 24 170
ED 19 13 152
ED 20 21 166
ED 21 22 240
ED 22 23 217
ED 22 16 183
ED 23 24 175
ED 24 18 143
DM 1 12 1000 
DM 2 1 1000 
DM 3 17 1000 
DM 4 21 1000 
DM 5 23 1000 
DM 6 2 1000 
ID 1 44 7 
DCD 1 22
DCD 2 20
OD 1 2
