VC 100
EC 180
DMC 7
IC 1
DCC 1
OC 1
NL 0
QN 1
ED 0 10 67
ED 0 1 79
ED 1 11 45
ED 1 2 94
ED 2 12 65
ED 2 3 65
ED 3 13 5
ED 3 4 58
ED 4 14 44
ED 4 5 72
ED 5 15 4
ED 5 6 45
ED 6 16 34
ED 6 7 38
ED 7 17 31
ED 7 8 23
ED 8 18 63
ED 8 9 50
ED 9 19 32
ED 10 20 73
ED 10 11 2
ED 11 21 43
ED 11 12 49
ED 12 22 20
ED 12 13 11
ED 13 23 52
ED 13 14 41
ED 14 24 43
ED 14 15 47
ED 15 25 24
ED 15 16 55
ED 16 26 33
ED 16 17 39
ED 17 27 34
ED 17 18 34
ED 18 28 64
ED 18 19 44
ED 19 29 30
ED 20 30 72
ED 20 21 52
ED 21 31 47
ED 21 22 15
ED 22 32 48
ED 22 23 37
ED 23 33 7
ED 23 24 59
ED 24 34 53
ED 24 25 64
ED 25 35 87
ED 25 26 57
ED 26 36 51
ED 26 27 26
ED 27 37 20
ED 27 28 29
ED 28 38 38
ED 28 29 24
ED 29 39 87
ED 30 40 37
ED 30 31 76
ED 31 41 50
ED 31 32 70
ED 32 42 23
ED 32 33 8
ED 33 43 42
ED 33 34 46
ED 34 44 68
ED 34 35 68
ED 35 45 66
ED 35 36 14
ED 36 46 21
ED 36 37 33
ED 37 47 25
ED 37 38 30
ED 38 48 47
ED 38 39 50
ED 39 49 72
ED 40 50 38
ED 40 41 20
ED 41 51 65
ED 41 42 4
ED 42 52 46
ED 42 43 50
ED 43 53 12
ED 43 44 68
ED 44 54 78
ED 44 45 43
ED 45 55 1
ED 45 46 61
ED 46 56 55
ED 46 47 43
ED 47 57 61
ED 47 48 46
ED 48 58 71
ED 48 49 79
ED 49 59 78
ED 50 60 46
ED 50 51 77
ED 51 61 33
ED 51 52 39
ED 52 62 28
ED 52 53 11
ED 53 63 71
ED 53 54 25
ED 54 64 33
ED 54 55 63
ED 55 65 55
ED 55 56 43
ED 56 66 46
ED 56 57 66
ED 57 67 53
ED 57 58 75
ED 58 68 43
ED 58 59 62
ED 59 69 50
ED 60 70 25
ED 60 61 53
ED 61 71 73
ED 61 62 80
ED 62 72 25
ED 62 63 63
ED 63 73 67
ED 63 64 77
ED 64 74 13
ED 64 65 41
ED 65 75 35
ED 65 66 19
ED 66 76 31
ED 66 67 26
ED 67 77 62
ED 67 68 45
ED 68 78 50
ED 68 69 81
ED 69 79 34
ED 70 80 77
ED 70 71 65
ED 71 81 4
ED 71 72 7
ED 72 82 62
ED 72 73 31
ED 73 83 24
ED 73 74 15
ED 74 84 43
ED 74 75 78
ED 75 85 41
ED 75 76 37
ED 76 86 28
ED 76 77 53
ED 77 87 48
ED 77 78 60
ED 78 88 47
ED 78 79 20
ED 79 89 13
ED 80 90 50
ED 80 81 21
ED 81 91 29
ED 81 82 65
ED 82 92 33
ED 82 83 22
ED 83 93 34
ED 83 84 25
ED 84 94 45
ED 84 85 31
ED 85 95 73
ED 85 86 29
ED 86 96 16
ED 86 87 36
ED 87 97 37
ED 87 88 59
ED 88 98 42
ED 88 89 49
ED 89 99 67
ED 90 91 28
ED 91 92 41
ED 92 93 51
ED 93 94 75
ED 94 95 12
ED 95 96 61
ED 96 97 15
ED 97 98 68
ED 98 99 15
DM 1 82 1000 
DM 2 35 1000 
DM 3 12 1000 
DM 4 66 1000 
DM 5 4 1000 
DM 6 46 1000 
DM 7 96 1000 
ID 1 12 38 
DCD 1 14
OD 1 17
