VC 400
EC 760
DMC 1
IC 9
SC 2
DCC 3
OC 2
NL 0
QN 1
ED 0 20 57
ED 0 1 46
ED 1 21 52
ED 1 2 62
ED 2 22 70
ED 2 3 76
ED 3 23 8
ED 3 4 48
ED 4 24 43
ED 4 5 44
ED 5 25 34
ED 5 6 64
ED 6 26 51
ED 6 7 61
ED 7 27 26
ED 7 8 50
ED 8 28 12
ED 8 9 35
ED 9 29 51
ED 9 10 50
ED 10 30 65
ED 10 11 32
ED 11 31 35
ED 11 12 51
ED 12 32 44
ED 12 13 28
ED 13 33 33
ED 13 14 41
ED 14 34 57
ED 14 15 27
ED 15 35 28
ED 15 16 23
ED 16 36 37
ED 16 17 36
ED 17 37 46
ED 17 18 45
ED 18 38 42
ED 18 19 38
ED 19 39 82
ED 20 40 30
ED 20 21 28
ED 21 41 22
ED 21 22 51
ED 22 42 50
ED 22 23 4
ED 23 43 44
ED 23 24 6
ED 24 44 31
ED 24 25 7
ED 25 45 57
ED 25 26 31
ED 26 46 45
ED 26 27 6
ED 27 47 35
ED 27 28 28
ED 28 48 20
ED 28 29 31
ED 29 49 36
ED 29 30 28
ED 30 50 61
ED 30 31 62
ED 31 51 21
ED 31 32 37
ED 32 52 45
ED 32 33 28
ED 33 53 38
ED 33 34 33
ED 34 54 69
ED 34 35 53
ED 35 55 17
ED 35 36 16
ED 36 56 16
ED 36 37 55
ED 37 57 21
ED 37 38 49
ED 38 58 35
ED 38 39 38
ED 39 59 74
ED 40 60 36
ED 40 41 10
ED 41 61 43
ED 41 42 53
ED 42 62 7
ED 42 43 44
ED 43 63 33
ED 43 44 31
ED 44 64 32
ED 44 45 32
ED 45 65 67
ED 45 46 30
ED 46 66 45
ED 46 47 75
ED 47 67 64
ED 47 48 34
ED 48 68 78
ED 48 49 46
ED 49 69 39
ED 49 50 25
ED 50 70 43
ED 50 51 19
ED 51 71 54
ED 51 52 28
ED 52 72 24
ED 52 53 51
ED 53 73 72
ED 53 54 74
ED 54 74 27
ED 54 55 54
ED 55 75 35
ED 55 56 22
ED 56 76 56
ED 56 57 84
ED 57 77 55
ED 57 58 44
ED 58 78 28
ED 58 59 20
ED 59 79 53
ED 60 80 60
ED 60 61 24
ED 61 81 37
ED 61 62 24
ED 62 82 14
ED 62 63 25
ED 63 83 39
ED 63 64 8
ED 64 84 10
ED 64 65 66
ED 65 85 38
ED 65 66 29
ED 66 86 55
ED 66 67 45
ED 67 87 72
ED 67 68 62
ED 68 88 54
ED 68 69 35
ED 69 89 25
ED 69 70 32
ED 70 90 53
ED 70 71 75
ED 71 91 20
ED 71 72 14
ED 72 92 25
ED 72 73 15
ED 73 93 55
ED 73 74 16
ED 74 94 52
ED 74 75 18
ED 75 95 39
ED 75 76 9
ED 76 96 41
ED 76 77 23
ED 77 97 38
ED 77 78 26
ED 78 98 23
ED 78 79 44
ED 79 99 71
ED 80 100 76
ED 80 81 57
ED 81 101 46
ED 81 82 44
ED 82 102 35
ED 82 83 45
ED 83 103 31
ED 83 84 48
ED 84 104 14
ED 84 85 35
ED 85 105 40
ED 85 86 41
ED 86 106 71
ED 86 87 47
ED 87 107 16
ED 87 88 8
ED 88 108 33
ED 88 89 20
ED 89 109 49
ED 89 90 53
ED 90 110 24
ED 90 91 21
ED 91 111 79
ED 91 92 7
ED 92 112 36
ED 92 93 51
ED 93 113 18
ED 93 94 23
ED 94 114 21
ED 94 95 9
ED 95 115 51
ED 95 96 47
ED 96 116 26
ED 96 97 56
ED 97 117 33
ED 97 98 38
ED 98 118 35
ED 98 99 26
ED 99 119 58
ED 100 120 59
ED 100 101 14
ED 101 121 45
ED 101 102 75
ED 102 122 37
ED 102 103 39
ED 103 123 39
ED 103 104 30
ED 104 124 34
ED 104 105 56
ED 105 125 29
ED 105 106 39
ED 106 126 17
ED 106 107 48
ED 107 127 44
ED 107 108 26
ED 108 128 38
ED 108 109 40
ED 109 129 34
ED 109 110 45
ED 110 130 35
ED 110 111 80
ED 111 131 27
ED 111 112 44
ED 112 132 22
ED 112 113 18
ED 113 133 58
ED 113 114 33
ED 114 134 50
ED 114 115 65
ED 115 135 6
ED 115 116 32
ED 116 136 46
ED 116 117 53
ED 117 137 50
ED 117 118 4
ED 118 138 12
ED 118 119 5
ED 119 139 13
ED 120 140 78
ED 120 121 16
ED 121 141 19
ED 121 122 8
ED 122 142 16
ED 122 123 16
ED 123 143 2
ED 123 124 73
ED 124 144 34
ED 124 125 15
ED 125 145 4
ED 125 126 3
ED 126 146 28
ED 126 127 23
ED 127 147 51
ED 127 128 27
ED 128 148 21
ED 128 129 32
ED 129 149 31
ED 129 130 3
ED 130 150 5
ED 130 131 48
ED 131 151 40
ED 131 132 32
ED 132 152 56
ED 132 133 58
ED 133 153 52
ED 133 134 5
ED 134 154 61
ED 134 135 31
ED 135 155 26
ED 135 136 26
ED 136 156 25
ED 136 137 55
ED 137 157 93
ED 137 138 38
ED 138 158 10
ED 138 139 29
ED 139 159 15
ED 140 160 52
ED 140 141 49
ED 141 161 55
ED 141 142 11
ED 142 162 23
ED 142 143 31
ED 143 163 5
ED 143 144 48
ED 144 164 12
ED 144 145 44
ED 145 165 77
ED 145 146 29
ED 146 166 49
ED 146 147 69
ED 147 167 24
ED 147 148 92
ED 148 168 63
ED 148 149 75
ED 149 169 33
ED 149 150 38
ED 150 170 7
ED 150 151 14
ED 151 171 39
ED 151 152 29
ED 152 172 58
ED 152 153 39
ED 153 173 50
ED 153 154 58
ED 154 174 68
ED 154 155 75
ED 155 175 69
ED 155 156 40
ED 156 176 31
ED 156 157 39
ED 157 177 43
ED 157 158 51
ED 158 178 26
ED 158 159 35
ED 159 179 69
ED 160 180 34
ED 160 161 52
ED 161 181 12
ED 161 162 70
ED 162 182 50
ED 162 163 13
ED 163 183 59
ED 163 164 50
ED 164 184 61
ED 164 165 52
ED 165 185 48
ED 165 166 17
ED 166 186 19
ED 166 167 34
ED 167 187 27
ED 167 168 23
ED 168 188 62
ED 168 169 13
ED 169 189 20
ED 169 170 53
ED 170 190 34
ED 170 171 33
ED 171 191 64
ED 171 172 62
ED 172 192 56
ED 172 173 80
ED 173 193 70
ED 173 174 29
ED 174 194 33
ED 174 175 63
ED 175 195 73
ED 175 176 42
ED 176 196 59
ED 176 177 33
ED 177 197 44
ED 177 178 19
ED 178 198 34
ED 178 179 17
ED 179 199 11
ED 180 200 42
ED 180 181 41
ED 181 201 36
ED 181 182 12
ED 182 202 39
ED 182 183 31
ED 183 203 59
ED 183 184 63
ED 184 204 49
ED 184 185 42
ED 185 205 59
ED 185 186 38
ED 186 206 65
ED 186 187 49
ED 187 207 50
ED 187 188 18
ED 188 208 39
ED 188 189 67
ED 189 209 44
ED 189 190 51
ED 190 210 63
ED 190 191 18
ED 191 211 83
ED 191 192 60
ED 192 212 62
ED 192 193 46
ED 193 213 18
ED 193 194 81
ED 194 214 6
ED 194 195 22
ED 195 215 45
ED 195 196 69
ED 196 216 61
ED 196 197 59
ED 197 217 40
ED 197 198 59
ED 198 218 21
ED 198 199 27
ED 199 219 30
ED 200 220 34
ED 200 201 44
ED 201 221 21
ED 201 202 32
ED 202 222 41
ED 202 203 49
ED 203 223 44
ED 203 204 39
ED 204 224 51
ED 204 205 59
ED 205 225 43
ED 205 206 72
ED 206 226 50
ED 206 207 13
ED 207 227 38
ED 207 208 32
ED 208 228 15
ED 208 209 30
ED 209 229 61
ED 209 210 56
ED 210 230 22
ED 210 211 38
ED 211 231 66
ED 211 212 53
ED 212 232 54
ED 212 213 57
ED 213 233 68
ED 213 214 63
ED 214 234 68
ED 214 215 38
ED 215 235 12
ED 215 216 43
ED 216 236 10
ED 216 217 30
ED 217 237 22
ED 217 218 22
ED 218 238 61
ED 218 219 20
ED 219 239 30
ED 220 240 18
ED 220 221 31
ED 221 241 67
ED 221 222 45
ED 222 242 29
ED 222 223 49
ED 223 243 48
ED 223 224 74
ED 224 244 16
ED 224 225 12
ED 225 245 46
ED 225 226 25
ED 226 246 37
ED 226 227 31
ED 227 247 28
ED 227 228 13
ED 228 248 41
ED 228 229 35
ED 229 249 58
ED 229 230 72
ED 230 250 44
ED 230 231 36
ED 231 251 42
ED 231 232 27
ED 232 252 50
ED 232 233 74
ED 233 253 56
ED 233 234 24
ED 234 254 5
ED 234 235 41
ED 235 255 18
ED 235 236 36
ED 236 256 34
ED 236 237 37
ED 237 257 55
ED 237 238 65
ED 238 258 69
ED 238 239 67
ED 239 259 68
ED 240 260 21
ED 240 241 54
ED 241 261 65
ED 241 242 53
ED 242 262 31
ED 242 243 24
ED 243 263 46
ED 243 244 18
ED 244 264 13
ED 244 245 47
ED 245 265 53
ED 245 246 10
ED 246 266 47
ED 246 247 43
ED 247 267 54
ED 247 248 4
ED 248 268 55
ED 248 249 55
ED 249 269 53
ED 249 250 27
ED 250 270 55
ED 250 251 63
ED 251 271 67
ED 251 252 58
ED 252 272 60
ED 252 253 66
ED 253 273 57
ED 253 254 54
ED 254 274 11
ED 254 255 29
ED 255 275 27
ED 255 256 10
ED 256 276 59
ED 256 257 62
ED 257 277 34
ED 257 258 42
ED 258 278 54
ED 258 259 83
ED 259 279 24
ED 260 280 37
ED 260 261 33
ED 261 281 78
ED 261 262 45
ED 262 282 53
ED 262 263 45
ED 263 283 18
ED 263 264 42
ED 264 284 40
ED 264 265 46
ED 265 285 61
ED 265 266 10
ED 266 286 47
ED 266 267 15
ED 267 287 17
ED 267 268 26
ED 268 288 48
ED 268 269 57
ED 269 289 23
ED 269 270 40
ED 270 290 31
ED 270 271 52
ED 271 291 81
ED 271 272 75
ED 272 292 60
ED 272 273 49
ED 273 293 87
ED 273 274 72
ED 274 294 65
ED 274 275 52
ED 275 295 48
ED 275 276 24
ED 276 296 47
ED 276 277 15
ED 277 297 36
ED 277 278 75
ED 278 298 68
ED 278 279 23
ED 279 299 67
ED 280 300 35
ED 280 281 51
ED 281 301 86
ED 281 282 96
ED 282 302 70
ED 282 283 71
ED 283 303 4
ED 283 284 34
ED 284 304 46
ED 284 285 39
ED 285 305 18
ED 285 286 37
ED 286 306 8
ED 286 287 32
ED 287 307 14
ED 287 288 25
ED 288 308 46
ED 288 289 46
ED 289 309 83
ED 289 290 41
ED 290 310 41
ED 290 291 39
ED 291 311 37
ED 291 292 57
ED 292 312 29
ED 292 293 63
ED 293 313 54
ED 293 294 82
ED 294 314 69
ED 294 295 62
ED 295 315 16
ED 295 296 65
ED 296 316 45
ED 296 297 69
ED 297 317 64
ED 297 298 66
ED 298 318 36
ED 298 299 23
ED 299 319 42
ED 300 320 63
ED 300 301 19
ED 301 321 71
ED 301 302 59
ED 302 322 48
ED 302 303 44
ED 303 323 20
ED 303 304 71
ED 304 324 58
ED 304 305 64
ED 305 325 8
ED 305 306 26
ED 306 326 23
ED 306 307 18
ED 307 327 56
ED 307 308 29
ED 308 328 46
ED 308 309 72
ED 309 329 44
ED 309 310 69
ED 310 330 28
ED 310 311 9
ED 311 331 26
ED 311 312 63
ED 312 332 14
ED 312 313 25
ED 313 333 39
ED 313 314 48
ED 314 334 57
ED 314 315 13
ED 315 335 67
ED 315 316 22
ED 316 336 19
ED 316 317 7
ED 317 337 46
ED 317 318 11
ED 318 338 32
ED 318 319 32
ED 319 339 21
ED 320 340 11
ED 320 321 34
ED 321 341 59
ED 321 322 60
ED 322 342 56
ED 322 323 63
ED 323 343 49
ED 323 324 68
ED 324 344 49
ED 324 325 42
ED 325 345 48
ED 325 326 38
ED 326 346 36
ED 326 327 78
ED 327 347 39
ED 327 328 71
ED 328 348 44
ED 328 329 40
ED 329 349 12
ED 329 330 62
ED 330 350 44
ED 330 331 31
ED 331 351 31
ED 331 332 42
ED 332 352 68
ED 332 333 40
ED 333 353 66
ED 333 334 40
ED 334 354 14
ED 334 335 26
ED 335 355 44
ED 335 336 39
ED 336 356 39
ED 336 337 31
ED 337 357 49
ED 337 338 29
ED 338 358 70
ED 338 339 33
ED 339 359 50
ED 340 360 45
ED 340 341 64
ED 341 361 62
ED 341 342 67
ED 342 362 39
ED 342 343 56
ED 343 363 59
ED 343 344 57
ED 344 364 31
ED 344 345 36
ED 345 365 16
ED 345 346 33
ED 346 366 10
ED 346 347 20
ED 347 367 62
ED 347 348 12
ED 348 368 63
ED 348 349 11
ED 349 369 31
ED 349 350 29
ED 350 370 31
ED 350 351 27
ED 351 371 31
ED 351 352 40
ED 352 372 32
ED 352 353 76
ED 353 373 19
ED 353 354 40
ED 354 374 32
ED 354 355 30
ED 355 375 61
ED 355 356 41
ED 356 376 30
ED 356 357 36
ED 357 377 52
ED 357 358 30
ED 358 378 30
ED 358 359 85
ED 359 379 60
ED 360 380 26
ED 360 361 28
ED 361 381 96
ED 361 362 36
ED 362 382 49
ED 362 363 33
ED 363 383 58
ED 363 364 83
ED 364 384 30
ED 364 365 8
ED 365 385 75
ED 365 366 43
ED 366 386 41
ED 366 367 45
ED 367 387 44
ED 367 368 4
ED 368 388 17
ED 368 369 84
ED 369 389 29
ED 369 370 72
ED 370 390 32
ED 370 371 34
ED 371 391 51
ED 371 372 32
ED 372 392 58
ED 372 373 54
ED 373 393 80
ED 373 374 59
ED 374 394 60
ED 374 375 25
ED 375 395 25
ED 375 376 62
ED 376 396 34
ED 376 377 51
ED 377 397 27
ED 377 378 35
ED 378 398 9
ED 378 379 50
ED 379 399 57
ED 380 381 82
ED 381 382 56
ED 382 383 23
ED 383 384 31
ED 384 385 85
ED 385 386 57
ED 386 387 68
ED 387 388 63
ED 388 389 63
ED 389 390 65
ED 390 391 53
ED 391 392 24
ED 392 393 63
ED 393 394 35
ED 394 395 30
ED 395 396 9
ED 396 397 22
ED 397 398 38
ED 398 399 36
DM 1 46 1000 
ID 1 89 9 
ID 2 73 88 
ID 3 43 10 
ID 4 12 1 
ID 5 73 35 
ID 6 47 93 
ID 7 88 87 
ID 8 17 52 
ID 9 46 97 
SD 1 269
SD 2 328
DCD 1 68
DCD 2 37
DCD 3 209
OD 1 175
OD 2 183
