VC 400
EC 399
DMC 1
IC 9
SC 3
DCC 3
OC 2
NL 0
QN 1
ED 0 1 159
ED 1 2 114
ED 2 3 94
ED 3 4 66
ED 4 5 132
ED 5 6 115
ED 6 7 120
ED 7 8 99
ED 8 9 103
ED 9 10 111
ED 10 11 79
ED 11 12 92
ED 12 13 166
ED 13 14 97
ED 14 15 104
ED 15 16 105
ED 16 17 139
ED 17 18 71
ED 18 19 155
ED 19 20 66
ED 20 21 155
ED 21 22 24
ED 22 23 108
ED 23 24 162
ED 24 25 93
ED 25 26 119
ED 26 27 116
ED 27 28 83
ED 28 29 166
ED 29 30 61
ED 30 31 145
ED 31 32 63
ED 32 33 117
ED 33 34 83
ED 34 35 124
ED 35 36 124
ED 36 37 103
ED 37 38 85
ED 38 39 123
ED 39 40 76
ED 40 41 105
ED 41 42 113
ED 42 43 123
ED 43 44 83
ED 44 45 103
ED 45 46 95
ED 46 47 83
ED 47 48 85
ED 48 49 110
ED 49 50 154
ED 50 51 109
ED 51 52 42
ED 52 53 95
ED 53 54 106
ED 54 55 151
ED 55 56 72
ED 56 57 138
ED 57 58 76
ED 58 59 92
ED 59 60 95
ED 60 61 115
ED 61 62 60
ED 62 63 109
ED 63 64 130
ED 64 65 152
ED 65 66 49
ED 66 67 160
ED 67 68 61
ED 68 69 72
ED 69 70 105
ED 70 71 94
ED 71 72 155
ED 72 73 101
ED 73 74 114
ED 74 75 84
ED 75 76 132
ED 76 77 44
ED 77 78 136
ED 78 79 101
ED 79 80 92
ED 80 81 101
ED 81 82 125
ED 82 83 137
ED 83 84 77
ED 84 85 68
ED 85 86 102
ED 86 87 102
ED 87 88 118
ED 88 89 143
ED 89 90 91
ED 90 91 69
ED 91 92 116
ED 92 93 107
ED 93 94 80
ED 94 95 140
ED 95 96 75
ED 96 97 161
ED 97 98 104
ED 98 99 58
ED 99 100 114
ED 100 101 128
ED 101 102 89
ED 102 103 146
ED 103 104 117
ED 104 105 62
ED 105 106 111
ED 106 107 142
ED 107 108 38
ED 108 109 153
ED 109 110 74
ED 110 111 109
ED 111 112 98
ED 112 113 130
ED 113 114 54
ED 114 115 117
ED 115 116 92
ED 116 117 163
ED 117 118 91
ED 118 119 135
ED 119 120 84
ED 120 121 126
ED 121 122 64
ED 122 123 163
ED 123 124 69
ED 124 125 91
ED 125 126 154
ED 126 127 109
ED 127 128 34
ED 128 129 150
ED 129 130 65
ED 130 131 131
ED 131 132 115
ED 132 133 104
ED 133 134 127
ED 134 135 64
ED 135 136 81
ED 136 137 100
ED 137 138 120
ED 138 139 150
ED 139 140 38
ED 140 141 101
ED 141 142 179
ED 142 143 109
ED 143 144 104
ED 144 145 125
ED 145 146 111
ED 146 147 74
ED 147 148 126
ED 148 149 60
ED 149 150 154
ED 150 151 41
ED 151 152 102
ED 152 153 107
ED 153 154 162
ED 154 155 104
ED 155 156 73
ED 156 157 144
ED 157 158 98
ED 158 159 92
ED 159 160 107
ED 160 161 103
ED 161 162 121
ED 162 163 78
ED 163 164 93
ED 164 165 99
ED 165 166 120
ED 166 167 152
ED 167 168 87
ED 168 169 142
ED 169 170 60
ED 170 171 99
ED 171 172 106
ED 172 173 89
ED 173 174 148
ED 174 175 90
ED 175 176 66
ED 176 177 159
ED 177 178 102
ED 178 179 73
ED 179 180 107
ED 180 181 144
ED 181 182 67
ED 182 183 113
ED 183 184 127
ED 184 185 71
ED 185 186 116
ED 186 187 112
ED 187 188 89
ED 188 189 92
ED 189 190 145
ED 190 191 54
ED 191 192 166
ED 192 193 113
ED 193 194 62
ED 194 195 88
ED 195 196 134
ED 196 197 125
ED 197 198 47
ED 198 199 158
ED 199 200 103
ED 200 201 46
ED 201 202 121
ED 202 203 110
ED 203 204 86
ED 204 205 98
ED 205 206 95
ED 206 207 148
ED 207 208 141
ED 208 209 73
ED 209 210 117
ED 210 211 98
ED 211 212 99
ED 212 213 122
ED 213 214 106
ED 214 215 91
ED 215 216 94
ED 216 217 100
ED 217 218 101
ED 218 219 99
ED 219 220 159
ED 220 221 55
ED 221 222 151
ED 222 223 96
ED 223 224 114
ED 224 225 136
ED 225 226 82
ED 226 227 62
ED 227 228 109
ED 228 229 152
ED 229 230 52
ED 230 231 157
ED 231 232 123
ED 232 233 42
ED 233 234 153
ED 234 235 127
ED 235 236 92
ED 236 237 76
ED 237 238 100
ED 238 239 124
ED 239 240 73
ED 240 241 117
ED 241 242 101
ED 242 243 105
ED 243 244 105
ED 244 245 122
ED 245 246 127
ED 246 247 101
ED 247 248 116
ED 248 249 79
ED 249 250 95
ED 250 251 93
ED 251 252 148
ED 252 253 87
ED 253 254 102
ED 254 255 144
ED 255 256 112
ED 256 257 90
ED 257 258 100
ED 258 259 129
ED 259 260 86
ED 260 261 53
ED 261 262 96
ED 262 263 143
ED 263 264 92
ED 264 265 87
ED 265 266 172
ED 266 267 58
ED 267 268 92
ED 268 269 155
ED 269 270 82
ED 270 271 63
ED 271 272 184
ED 272 273 86
ED 273 274 119
ED 274 275 82
ED 275 276 146
ED 276 277 81
ED 277 278 113
ED 278 279 106
ED 279 280 109
ED 280 281 145
ED 281 282 109
ED 282 283 131
ED 283 284 123
ED 284 285 122
ED 285 286 88
ED 286 287 112
ED 287 288 97
ED 288 289 58
ED 289 290 157
ED 290 291 100
ED 291 292 44
ED 292 293 181
ED 293 294 91
ED 294 295 113
ED 295 296 88
ED 296 297 123
ED 297 298 107
ED 298 299 75
ED 299 300 51
ED 300 301 152
ED 301 302 117
ED 302 303 72
ED 303 304 121
ED 304 305 82
ED 305 306 170
ED 306 307 101
ED 307 308 97
ED 308 309 102
ED 309 310 107
ED 310 311 120
ED 311 312 82
ED 312 313 82
ED 313 314 143
ED 314 315 72
ED 315 316 141
ED 316 317 61
ED 317 318 139
ED 318 319 81
ED 319 320 102
ED 320 321 121
ED 321 322 104
ED 322 323 105
ED 323 324 92
ED 324 325 165
ED 325 326 92
ED 326 327 103
ED 327 328 92
ED 328 329 89
ED 329 330 144
ED 330 331 104
ED 331 332 66
ED 332 333 124
ED 333 334 118
ED 334 335 68
ED 335 336 88
ED 336 337 113
ED 337 338 81
ED 338 339 142
ED 339 340 120
ED 340 341 92
ED 341 342 103
ED 342 343 118
ED 343 344 42
ED 344 345 140
ED 345 346 59
ED 346 347 155
ED 347 348 92
ED 348 349 95
ED 349 350 96
ED 350 351 104
ED 351 352 106
ED 352 353 147
ED 353 354 91
ED 354 355 75
ED 355 356 122
ED 356 357 122
ED 357 358 100
ED 358 359 95
ED 359 360 98
ED 360 361 127
ED 361 362 94
ED 362 363 103
ED 363 364 62
ED 364 365 78
ED 365 366 132
ED 366 367 70
ED 367 368 123
ED 368 369 93
ED 369 370 118
ED 370 371 156
ED 371 372 89
ED 372 373 136
ED 373 374 86
ED 374 375 109
ED 375 376 64
ED 376 377 160
ED 377 378 51
ED 378 379 117
ED 379 380 118
ED 380 381 125
ED 381 382 114
ED 382 383 73
ED 383 384 107
ED 384 385 141
ED 385 386 78
ED 386 387 96
ED 387 388 103
ED 388 389 126
ED 389 390 105
ED 390 391 107
ED 391 392 70
ED 392 393 115
ED 393 394 130
ED 394 395 104
ED 395 396 46
ED 396 397 148
ED 397 398 99
ED 398 399 124
DM 1 382 1000 
ID 1 34 17 
ID 2 1 88 
ID 3 99 49 
ID 4 16 28 
ID 5 61 55 
ID 6 78 69 
ID 7 22 25 
ID 8 58 49 
ID 9 11 72 
SD 1 68
SD 2 163
SD 3 369
DCD 1 310
DCD 2 105
DCD 3 16
OD 1 279
OD 2 253
