VC 100
EC 180
DMC 1
IC 10
SC 4
DCC 4
OC 4
NL 0
QN 1
ED 0 10 43
ED 0 1 70
ED 1 11 12
ED 1 2 27
ED 2 12 74
ED 2 3 21
ED 3 13 44
ED 3 4 63
ED 4 14 36
ED 4 5 51
ED 5 15 71
ED 5 6 60
ED 6 16 33
ED 6 7 70
ED 7 17 41
ED 7 8 20
ED 8 18 62
ED 8 9 72
ED 9 19 27
ED 10 20 25
ED 10 11 50
ED 11 21 24
ED 11 12 58
ED 12 22 74
ED 12 13 38
ED 13 23 14
ED 13 14 6
ED 14 24 44
ED 14 15 31
ED 15 25 62
ED 15 16 41
ED 16 26 28
ED 16 17 24
ED 17 27 55
ED 17 18 44
ED 18 28 30
ED 18 19 29
ED 19 29 38
ED 20 30 51
ED 20 21 67
ED 21 31 4
ED 21 22 79
ED 22 32 69
ED 22 23 42
ED 23 33 45
ED 23 24 53
ED 24 34 69
ED 24 25 14
ED 25 35 17
ED 25 26 8
ED 26 36 68
ED 26 27 11
ED 27 37 66
ED 27 28 37
ED 28 38 69
ED 28 29 34
ED 29 39 11
ED 30 40 53
ED 30 31 41
ED 31 41 55
ED 31 32 31
ED 32 42 72
ED 32 33 72
ED 33 43 52
ED 33 34 45
ED 34 44 5
ED 34 35 42
ED 35 45 67
ED 35 36 69
ED 36 46 23
ED 36 37 12
ED 37 47 41
ED 37 38 64
ED 38 48 76
ED 38 39 54
ED 39 49 62
ED 40 50 63
ED 40 41 56
ED 41 51 35
ED 41 42 72
ED 42 52 44
ED 42 43 34
ED 43 53 40
ED 43 44 72
ED 44 54 85
ED 44 45 80
ED 45 55 25
ED 45 46 29
ED 46 56 29
ED 46 47 40
ED 47 57 11
ED 47 48 72
ED 48 58 49
ED 48 49 48
ED 49 59 56
ED 50 60 45
ED 50 51 51
ED 51 61 22
ED 51 52 17
ED 52 62 12
ED 52 53 53
ED 53 63 26
ED 53 54 45
ED 54 64 48
ED 54 55 31
ED 55 65 29
ED 55 56 26
ED 56 66 41
ED 56 57 60
ED 57 67 43
ED 57 58 73
ED 58 68 40
ED 58 59 65
ED 59 69 57
ED 60 70 15
ED 60 61 21
ED 61 71 36
ED 61 62 18
ED 62 72 23
ED 62 63 51
ED 63 73 28
ED 63 64 26
ED 64 74 21
ED 64 65 72
ED 65 75 34
ED 65 66 10
ED 66 76 42
ED 66 67 20
ED 67 77 48
ED 67 68 16
ED 68 78 53
ED 68 69 43
ED 69 79 47
ED 70 80 48
ED 70 71 4
ED 71 81 20
ED 71 72 38
ED 72 82 31
ED 72 73 7
ED 73 83 47
ED 73 74 31
ED 74 84 55
ED 74 75 68
ED 75 85 100
ED 75 76 50
ED 76 86 40
ED 76 77 56
ED 77 87 56
ED 77 78 48
ED 78 88 10
ED 78 79 69
ED 79 89 67
ED 80 90 60
ED 80 81 33
ED 81 91 37
ED 81 82 57
ED 82 92 49
ED 82 83 13
ED 83 93 70
ED 83 84 75
ED 84 94 37
ED 84 85 94
ED 85 95 101
ED 85 86 76
ED 86 96 21
ED 86 87 39
ED 87 97 28
ED 87 88 37
ED 88 98 43
ED 88 89 24
ED 89 99 24
ED 90 91 17
ED 91 92 19
ED 92 93 21
ED 93 94 38
ED 94 95 41
ED 95 96 18
ED 96 97 72
ED 97 98 20
ED 98 99 22
DM 1 26 1000 
ID 1 52 9 
ID 2 36 44 
ID 3 47 5 
ID 4 11 21 
ID 5 77 3 
ID 6 33 31 
ID 7 11 21 
ID 8 68 56 
ID 9 69 55 
ID 10 55 59 
SD 1 57
SD 2 45
SD 3 50
SD 4 38
DCD 1 52
DCD 2 79
DCD 3 65
DCD 4 99
OD 1 86
OD 2 26
OD 3 49
OD 4 31
