VC 100
EC 261
DMC 1
IC 6
SC 3
DCC 2
OC 4
NL 0
QN 1
ED 0 10 190
ED 0 1 219
ED 1 11 218
ED 1 2 142
ED 1 10 187
ED 2 12 200
ED 2 3 178
ED 3 13 257
ED 3 4 178
ED 3 12 167
ED 4 14 138
ED 4 5 169
ED 5 15 192
ED 5 6 186
ED 5 14 150
ED 6 16 170
ED 6 7 216
ED 7 17 140
ED 7 8 282
ED 7 16 166
ED 8 18 220
ED 8 9 222
ED 9 19 205
ED 9 18 197
ED 10 20 198
ED 10 11 147
ED 11 21 245
ED 11 12 209
ED 11 20 133
ED 12 22 209
ED 12 13 235
ED 12 1 173
ED 13 23 191
ED 13 14 237
ED 13 22 179
ED 14 24 207
ED 14 15 195
ED 14 3 180
ED 15 25 229
ED 15 16 170
ED 15 24 148
ED 16 26 263
ED 16 17 222
ED 16 5 132
ED 17 27 244
ED 17 18 184
ED 17 26 206
ED 18 28 192
ED 18 19 276
ED 18 7 142
ED 19 29 210
ED 19 28 170
ED 20 30 152
ED 20 21 180
ED 21 31 208
ED 21 22 241
ED 21 30 120
ED 22 32 185
ED 22 23 198
ED 22 11 228
ED 23 33 178
ED 23 24 249
ED 23 32 213
ED 24 34 262
ED 24 25 211
ED 24 13 145
ED 25 35 225
ED 25 26 129
ED 25 34 242
ED 26 36 181
ED 26 27 195
ED 26 15 168
ED 27 37 185
ED 27 28 271
ED 27 36 119
ED 28 38 242
ED 28 29 232
ED 28 17 194
ED 29 39 203
ED 29 38 194
ED 30 40 219
ED 30 31 242
ED 31 41 174
ED 31 32 219
ED 31 40 153
ED 32 42 211
ED 32 33 216
ED 32 21 148
ED 33 43 237
ED 33 34 169
ED 33 42 173
ED 34 44 160
ED 34 35 216
ED 34 23 114
ED 35 45 220
ED 35 36 218
ED 35 44 130
ED 36 46 153
ED 36 37 167
ED 36 25 148
ED 37 47 168
ED 37 38 198
ED 37 46 118
ED 38 48 164
ED 38 39 268
ED 38 27 153
ED 39 49 131
ED 39 48 183
ED 40 50 211
ED 40 41 253
ED 41 51 207
ED 41 42 175
ED 41 50 179
ED 42 52 199
ED 42 43 248
ED 42 31 170
ED 43 53 141
ED 43 44 238
ED 43 52 208
ED 44 54 240
ED 44 45 239
ED 44 33 189
ED 45 55 185
ED 45 46 243
ED 45 54 190
ED 46 56 201
ED 46 47 221
ED 46 35 149
ED 47 57 200
ED 47 48 180
ED 47 56 187
ED 48 58 214
ED 48 49 231
ED 48 37 185
ED 49 59 210
ED 49 58 200
ED 50 60 241
ED 50 51 213
ED 51 61 190
ED 51 52 196
ED 51 60 171
ED 52 62 204
ED 52 53 216
ED 52 41 138
ED 53 63 219
ED 53 54 150
ED 53 62 220
ED 54 64 142
ED 54 55 239
ED 54 43 117
ED 55 65 214
ED 55 56 220
ED 55 64 165
ED 56 66 236
ED 56 57 237
ED 56 45 121
ED 57 67 229
ED 57 58 165
ED 57 66 200
ED 58 68 182
ED 58 59 178
ED 58 47 160
ED 59 69 250
ED 59 68 160
ED 60 70 160
ED 60 61 189
ED 61 71 178
ED 61 62 185
ED 61 70 142
ED 62 72 183
ED 62 63 218
ED 62 51 167
ED 63 73 170
ED 63 64 232
ED 63 72 175
ED 64 74 259
ED 64 65 241
ED 64 53 156
ED 65 75 175
ED 65 66 234
ED 65 74 164
ED 66 76 166
ED 66 67 162
ED 66 55 132
ED 67 77 218
ED 67 68 228
ED 67 76 156
ED 68 78 258
ED 68 69 243
ED 68 57 124
ED 69 79 208
ED 69 78 128
ED 70 80 221
ED 70 71 213
ED 71 81 203
ED 71 72 170
ED 71 80 216
ED 72 82 166
ED 72 73 180
ED 72 61 185
ED 73 83 199
ED 73 74 158
ED 73 82 198
ED 74 84 153
ED 74 75 181
ED 74 63 148
ED 75 85 179
ED 75 76 229
ED 75 84 147
ED 76 86 226
ED 76 77 269
ED 76 65 120
ED 77 87 235
ED 77 78 193
ED 77 86 167
ED 78 88 195
ED 78 79 177
ED 78 67 239
ED 79 89 186
ED 79 88 135
ED 80 90 190
ED 80 81 224
ED 81 91 195
ED 81 82 173
ED 81 90 174
ED 82 92 251
ED 82 83 210
ED 82 71 109
ED 83 93 259
ED 83 84 199
ED 83 92 151
ED 84 94 234
ED 84 85 225
ED 84 73 139
ED 85 95 188
ED 85 86 211
ED 85 94 193
ED 86 96 254
ED 86 87 208
ED 86 75 193
ED 87 97 178
ED 87 88 243
ED 87 96 125
ED 88 98 183
ED 88 89 211
ED 88 77 167
ED 89 99 211
ED 89 98 178
ED 90 91 185
ED 91 92 183
ED 92 93 216
ED 92 81 174
ED 93 94 176
ED 94 95 165
ED 94 83 181
ED 95 96 214
ED 96 97 181
ED 96 85 202
ED 97 98 194
ED 98 99 223
ED 98 87 202
DM 1 92 1000 
ID 1 83 91 
ID 2 75 34 
ID 3 76 90 
ID 4 19 85 
ID 5 27 16 
ID 6 81 45 
SD 1 14
SD 2 15
SD 3 2
DCD 1 82
DCD 2 72
OD 1 11
OD 2 64
OD 3 66
OD 4 26
