VC 400
EC 1121
DMC 1
IC 10
SC 4
DCC 3
OC 3
NL 0
QN 1
ED 0 20 161
ED 0 1 172
ED 1 21 223
ED 1 2 142
ED 1 20 214
ED 2 22 167
ED 2 3 206
ED 3 23 180
ED 3 4 180
ED 3 22 161
ED 4 24 154
ED 4 5 169
ED 5 25 220
ED 5 6 255
ED 5 24 158
ED 6 26 208
ED 6 7 239
ED 7 27 172
ED 7 8 226
ED 7 26 158
ED 8 28 214
ED 8 9 186
ED 9 29 238
ED 9 10 137
ED 9 28 150
ED 10 30 136
ED 10 11 259
ED 11 31 194
ED 11 12 193
ED 11 30 176
ED 12 32 177
ED 12 13 239
ED 13 33 206
ED 13 14 208
ED 13 32 148
ED 14 34 232
ED 14 15 254
ED 15 35 256
ED 15 16 149
ED 15 34 173
ED 16 36 178
ED 16 17 222
ED 17 37 151
ED 17 18 228
ED 17 36 120
ED 18 38 166
ED 18 19 191
ED 19 39 228
ED 19 38 154
ED 20 40 218
ED 20 21 231
ED 21 41 212
ED 21 22 230
ED 21 40 127
ED 22 42 178
ED 22 23 183
ED 22 1 134
ED 23 43 219
ED 23 24 209
ED 23 42 115
ED 24 44 218
ED 24 25 245
ED 24 3 135
ED 25 45 207
ED 25 26 231
ED 25 44 143
ED 26 46 221
ED 26 27 172
ED 26 5 218
ED 27 47 217
ED 27 28 225
ED 27 46 179
ED 28 48 196
ED 28 29 206
ED 28 7 128
ED 29 49 166
ED 29 30 235
ED 29 48 141
ED 30 50 239
ED 30 31 241
ED 30 9 172
ED 31 51 200
ED 31 32 264
ED 31 50 142
ED 32 52 220
ED 32 33 210
ED 32 11 152
ED 33 53 208
ED 33 34 235
ED 33 52 148
ED 34 54 208
ED 34 35 251
ED 34 13 139
ED 35 55 201
ED 35 36 222
ED 35 54 167
ED 36 56 245
ED 36 37 190
ED 36 15 145
ED 37 57 194
ED 37 38 213
ED 37 56 194
ED 38 58 209
ED 38 39 244
ED 38 17 179
ED 39 59 198
ED 39 58 184
ED 40 60 212
ED 40 41 215
ED 41 61 228
ED 41 42 262
ED 41 60 144
ED 42 62 263
ED 42 43 220
ED 42 21 200
ED 43 63 191
ED 43 44 224
ED 43 62 180
ED 44 64 181
ED 44 45 188
ED 44 23 220
ED 45 65 164
ED 45 46 201
ED 45 64 106
ED 46 66 170
ED 46 47 228
ED 46 25 125
ED 47 67 191
ED 47 48 223
ED 47 66 169
ED 48 68 195
ED 48 49 196
ED 48 27 182
ED 49 69 209
ED 49 50 175
ED 49 68 191
ED 50 70 169
ED 50 51 212
ED 50 29 165
ED 51 71 191
ED 51 52 231
ED 51 70 125
ED 52 72 202
ED 52 53 221
ED 52 31 172
ED 53 73 206
ED 53 54 238
ED 53 72 180
ED 54 74 183
ED 54 55 234
ED 54 33 180
ED 55 75 141
ED 55 56 173
ED 55 74 165
ED 56 76 209
ED 56 57 225
ED 56 35 97
ED 57 77 224
ED 57 58 155
ED 57 76 240
ED 58 78 178
ED 58 59 245
ED 58 37 170
ED 59 79 201
ED 59 78 183
ED 60 80 183
ED 60 61 265
ED 61 81 139
ED 61 62 184
ED 61 80 187
ED 62 82 142
ED 62 63 176
ED 62 41 190
ED 63 83 209
ED 63 64 241
ED 63 82 195
ED 64 84 256
ED 64 65 161
ED 64 43 182
ED 65 85 265
ED 65 66 216
ED 65 84 148
ED 66 86 205
ED 66 67 249
ED 66 45 149
ED 67 87 229
ED 67 68 186
ED 67 86 162
ED 68 88 256
ED 68 69 211
ED 68 47 127
ED 69 89 191
ED 69 70 230
ED 69 88 180
ED 70 90 219
ED 70 71 237
ED 70 49 168
ED 71 91 153
ED 71 72 185
ED 71 90 175
ED 72 92 224
ED 72 73 222
ED 72 51 143
ED 73 93 182
ED 73 74 272
ED 73 92 163
ED 74 94 216
ED 74 75 157
ED 74 53 164
ED 75 95 212
ED 75 76 170
ED 75 94 147
ED 76 96 151
ED 76 77 220
ED 76 55 112
ED 77 97 200
ED 77 78 194
ED 77 96 184
ED 78 98 208
ED 78 79 231
ED 78 57 122
ED 79 99 175
ED 79 98 122
ED 80 100 260
ED 80 81 219
ED 81 101 240
ED 81 82 169
ED 81 100 222
ED 82 102 249
ED 82 83 267
ED 82 61 72
ED 83 103 208
ED 83 84 203
ED 83 102 187
ED 84 104 207
ED 84 85 199
ED 84 63 211
ED 85 105 189
ED 85 86 244
ED 85 104 196
ED 86 106 263
ED 86 87 198
ED 86 65 204
ED 87 107 156
ED 87 88 217
ED 87 106 135
ED 88 108 172
ED 88 89 173
ED 88 67 150
ED 89 109 268
ED 89 90 186
ED 89 108 168
ED 90 110 217
ED 90 91 219
ED 90 69 179
ED 91 111 261
ED 91 92 116
ED 91 110 183
ED 92 112 151
ED 92 93 227
ED 92 71 125
ED 93 113 207
ED 93 94 215
ED 93 112 172
ED 94 114 170
ED 94 95 196
ED 94 73 193
ED 95 115 214
ED 95 96 175
ED 95 114 152
ED 96 116 185
ED 96 97 238
ED 96 75 195
ED 97 117 230
ED 97 98 193
ED 97 116 154
ED 98 118 235
ED 98 99 193
ED 98 77 140
ED 99 119 195
ED 99 118 168
ED 100 120 145
ED 100 101 184
ED 101 121 167
ED 101 102 209
ED 101 120 134
ED 102 122 225
ED 102 103 229
ED 102 81 157
ED 103 123 207
ED 103 104 158
ED 103 122 236
ED 104 124 147
ED 104 105 198
ED 104 83 159
ED 105 125 162
ED 105 106 200
ED 105 124 137
ED 106 126 132
ED 106 107 140
ED 106 85 140
ED 107 127 204
ED 107 108 206
ED 107 126 139
ED 108 128 182
ED 108 109 243
ED 108 87 201
ED 109 129 144
ED 109 110 224
ED 109 128 208
ED 110 130 190
ED 110 111 177
ED 110 89 206
ED 111 131 201
ED 111 112 249
ED 111 130 93
ED 112 132 247
ED 112 113 248
ED 112 91 128
ED 113 133 162
ED 113 114 260
ED 113 132 164
ED 114 134 215
ED 114 115 198
ED 114 93 178
ED 115 135 193
ED 115 116 236
ED 115 134 193
ED 116 136 261
ED 116 117 235
ED 116 95 172
ED 117 137 214
ED 117 118 185
ED 117 136 183
ED 118 138 184
ED 118 119 230
ED 118 97 122
ED 119 139 256
ED 119 138 165
ED 120 140 219
ED 120 121 186
ED 121 141 246
ED 121 122 151
ED 121 140 139
ED 122 142 193
ED 122 123 250
ED 122 101 155
ED 123 143 190
ED 123 124 214
ED 123 142 177
ED 124 144 230
ED 124 125 208
ED 124 103 134
ED 125 145 253
ED 125 126 205
ED 125 144 218
ED 126 146 257
ED 126 127 218
ED 126 105 154
ED 127 147 255
ED 127 128 157
ED 127 146 201
ED 128 148 190
ED 128 129 192
ED 128 107 158
ED 129 149 260
ED 129 130 240
ED 129 148 112
ED 130 150 188
ED 130 131 185
ED 130 109 155
ED 131 151 218
ED 131 132 233
ED 131 150 78
ED 132 152 194
ED 132 133 193
ED 132 111 201
ED 133 153 255
ED 133 134 175
ED 133 152 191
ED 134 154 207
ED 134 135 239
ED 134 113 120
ED 135 155 240
ED 135 136 157
ED 135 154 216
ED 136 156 209
ED 136 137 214
ED 136 115 170
ED 137 157 200
ED 137 138 265
ED 137 156 185
ED 138 158 227
ED 138 139 193
ED 138 117 169
ED 139 159 146
ED 139 158 134
ED 140 160 188
ED 140 141 217
ED 141 161 187
ED 141 142 205
ED 141 160 204
ED 142 162 206
ED 142 143 159
ED 142 121 214
ED 143 163 188
ED 143 144 184
ED 143 162 147
ED 144 164 234
ED 144 145 239
ED 144 123 93
ED 145 165 209
ED 145 146 226
ED 145 164 168
ED 146 166 143
ED 146 147 203
ED 146 125 176
ED 147 167 172
ED 147 148 251
ED 147 166 142
ED 148 168 205
ED 148 149 232
ED 148 127 157
ED 149 169 161
ED 149 150 272
ED 149 168 135
ED 150 170 196
ED 150 151 227
ED 150 129 240
ED 151 171 176
ED 151 152 210
ED 151 170 158
ED 152 172 191
ED 152 153 191
ED 152 131 204
ED 153 173 169
ED 153 154 231
ED 153 172 144
ED 154 174 209
ED 154 155 261
ED 154 133 110
ED 155 175 204
ED 155 156 167
ED 155 174 196
ED 156 176 188
ED 156 157 251
ED 156 135 155
ED 157 177 173
ED 157 158 196
ED 157 176 166
ED 158 178 224
ED 158 159 189
ED 158 137 145
ED 159 179 211
ED 159 178 178
ED 160 180 250
ED 160 161 229
ED 161 181 205
ED 161 162 220
ED 161 180 138
ED 162 182 133
ED 162 163 143
ED 162 141 161
ED 163 183 257
ED 163 164 178
ED 163 182 109
ED 164 184 193
ED 164 165 212
ED 164 143 181
ED 165 185 198
ED 165 166 277
ED 165 184 126
ED 166 186 219
ED 166 167 229
ED 166 145 180
ED 167 187 237
ED 167 168 202
ED 167 186 201
ED 168 188 245
ED 168 169 226
ED 168 147 138
ED 169 189 218
ED 169 170 201
ED 169 188 156
ED 170 190 190
ED 170 171 248
ED 170 149 174
ED 171 191 198
ED 171 172 170
ED 171 190 163
ED 172 192 166
ED 172 173 206
ED 172 151 128
ED 173 193 190
ED 173 174 188
ED 173 192 148
ED 174 194 186
ED 174 175 267
ED 174 153 142
ED 175 195 163
ED 175 176 204
ED 175 194 142
ED 176 196 185
ED 176 177 178
ED 176 155 170
ED 177 197 199
ED 177 178 216
ED 177 196 153
ED 178 198 148
ED 178 179 140
ED 178 157 159
ED 179 199 191
ED 179 198 187
ED 180 200 205
ED 180 181 166
ED 181 201 179
ED 181 182 265
ED 181 200 138
ED 182 202 252
ED 182 183 264
ED 182 161 191
ED 183 203 160
ED 183 184 209
ED 183 202 163
ED 184 204 199
ED 184 185 174
ED 184 163 224
ED 185 205 142
ED 185 186 256
ED 185 204 109
ED 186 206 210
ED 186 187 217
ED 186 165 140
ED 187 207 158
ED 187 188 268
ED 187 206 131
ED 188 208 217
ED 188 189 169
ED 188 167 176
ED 189 209 243
ED 189 190 248
ED 189 208 166
ED 190 210 218
ED 190 191 228
ED 190 169 168
ED 191 211 188
ED 191 192 217
ED 191 210 163
ED 192 212 202
ED 192 193 212
ED 192 171 119
ED 193 213 216
ED 193 194 245
ED 193 212 122
ED 194 214 246
ED 194 195 219
ED 194 173 189
ED 195 215 212
ED 195 196 167
ED 195 214 186
ED 196 216 239
ED 196 197 187
ED 196 175 132
ED 197 217 164
ED 197 198 224
ED 197 216 170
ED 198 218 263
ED 198 199 223
ED 198 177 117
ED 199 219 266
ED 199 218 180
ED 200 220 157
ED 200 201 168
ED 201 221 226
ED 201 202 189
ED 201 220 156
ED 202 222 222
ED 202 203 146
ED 202 181 191
ED 203 223 234
ED 203 204 225
ED 203 222 175
ED 204 224 135
ED 204 205 170
ED 204 183 149
ED 205 225 198
ED 205 206 164
ED 205 224 177
ED 206 226 211
ED 206 207 188
ED 206 185 168
ED 207 227 198
ED 207 208 198
ED 207 226 123
ED 208 228 202
ED 208 209 205
ED 208 187 202
ED 209 229 127
ED 209 210 262
ED 209 228 116
ED 210 230 253
ED 210 211 174
ED 210 189 171
ED 211 231 188
ED 211 212 269
ED 211 230 154
ED 212 232 200
ED 212 213 216
ED 212 191 171
ED 213 233 171
ED 213 214 200
ED 213 232 187
ED 214 234 169
ED 214 215 186
ED 214 193 194
ED 215 235 218
ED 215 216 152
ED 215 234 179
ED 216 236 147
ED 216 217 182
ED 216 195 151
ED 217 237 259
ED 217 218 159
ED 217 236 163
ED 218 238 186
ED 218 219 240
ED 218 197 188
ED 219 239 182
ED 219 238 201
ED 220 240 241
ED 220 221 197
ED 221 241 187
ED 221 222 182
ED 221 240 172
ED 222 242 142
ED 222 223 194
ED 222 201 149
ED 223 243 202
ED 223 224 264
ED 223 242 115
ED 224 244 214
ED 224 225 220
ED 224 203 187
ED 225 245 254
ED 225 226 201
ED 225 244 150
ED 226 246 239
ED 226 227 174
ED 226 205 187
ED 227 247 272
ED 227 228 179
ED 227 246 197
ED 228 248 202
ED 228 229 166
ED 228 207 229
ED 229 249 240
ED 229 230 147
ED 229 248 233
ED 230 250 186
ED 230 231 161
ED 230 209 182
ED 231 251 263
ED 231 232 194
ED 231 250 192
ED 232 252 209
ED 232 233 243
ED 232 211 179
ED 233 253 265
ED 233 234 175
ED 233 252 169
ED 234 254 233
ED 234 235 254
ED 234 213 125
ED 235 255 215
ED 235 236 215
ED 235 254 221
ED 236 256 218
ED 236 237 196
ED 236 215 156
ED 237 257 173
ED 237 238 233
ED 237 256 152
ED 238 258 165
ED 238 239 234
ED 238 217 170
ED 239 259 197
ED 239 258 185
ED 240 260 150
ED 240 241 204
ED 241 261 193
ED 241 242 226
ED 241 260 149
ED 242 262 260
ED 242 243 218
ED 242 221 169
ED 243 263 157
ED 243 244 283
ED 243 262 148
ED 244 264 251
ED 244 245 211
ED 244 223 206
ED 245 265 217
ED 245 246 223
ED 245 264 136
ED 246 266 138
ED 246 247 190
ED 246 225 200
ED 247 267 178
ED 247 248 208
ED 247 266 176
ED 248 268 179
ED 248 249 224
ED 248 227 153
ED 249 269 166
ED 249 250 179
ED 249 268 195
ED 250 270 170
ED 250 251 238
ED 250 229 174
ED 251 271 217
ED 251 252 238
ED 251 270 155
ED 252 272 196
ED 252 253 230
ED 252 231 183
ED 253 273 130
ED 253 254 210
ED 253 272 133
ED 254 274 193
ED 254 255 219
ED 254 233 127
ED 255 275 186
ED 255 256 213
ED 255 274 111
ED 256 276 239
ED 256 257 253
ED 256 235 93
ED 257 277 203
ED 257 258 174
ED 257 276 244
ED 258 278 229
ED 258 259 248
ED 258 237 185
ED 259 279 175
ED 259 278 199
ED 260 280 235
ED 260 261 200
ED 261 281 176
ED 261 262 178
ED 261 280 193
ED 262 282 163
ED 262 263 176
ED 262 241 156
ED 263 283 206
ED 263 264 194
ED 263 282 130
ED 264 284 192
ED 264 265 194
ED 264 243 204
ED 265 285 126
ED 265 266 249
ED 265 284 157
ED 266 286 202
ED 266 267 260
ED 266 245 135
ED 267 287 209
ED 267 268 209
ED 267 286 154
ED 268 288 241
ED 268 269 223
ED 268 247 136
ED 269 289 201
ED 269 270 199
ED 269 288 225
ED 270 290 202
ED 270 271 207
ED 270 249 177
ED 271 291 199
ED 271 272 275
ED 271 290 113
ED 272 292 240
ED 272 273 188
ED 272 251 117
ED 273 293 212
ED 273 274 216
ED 273 292 174
ED 274 294 207
ED 274 275 197
ED 274 253 185
ED 275 295 232
ED 275 276 168
ED 275 294 125
ED 276 296 147
ED 276 277 151
ED 276 255 167
ED 277 297 223
ED 277 278 197
ED 277 296 112
ED 278 298 171
ED 278 279 234
ED 278 257 132
ED 279 299 183
ED 279 298 210
ED 280 300 161
ED 280 281 231
ED 281 301 274
ED 281 282 199
ED 281 300 195
ED 282 302 198
ED 282 283 202
ED 282 261 197
ED 283 303 236
ED 283 284 140
ED 283 302 162
ED 284 304 157
ED 284 285 183
ED 284 263 170
ED 285 305 237
ED 285 286 198
ED 285 304 165
ED 286 306 216
ED 286 287 273
ED 286 265 154
ED 287 307 187
ED 287 288 170
ED 287 306 211
ED 288 308 126
ED 288 289 196
ED 288 267 170
ED 289 309 193
ED 289 290 181
ED 289 308 195
ED 290 310 174
ED 290 291 218
ED 290 269 163
ED 291 311 181
ED 291 292 236
ED 291 310 132
ED 292 312 158
ED 292 293 166
ED 292 271 172
ED 293 313 248
ED 293 294 246
ED 293 312 120
ED 294 314 167
ED 294 295 218
ED 294 273 227
ED 295 315 191
ED 295 296 256
ED 295 314 143
ED 296 316 216
ED 296 297 181
ED 296 275 179
ED 297 317 192
ED 297 298 214
ED 297 316 116
ED 298 318 220
ED 298 299 220
ED 298 277 185
ED 299 319 229
ED 299 318 197
ED 300 320 212
ED 300 301 288
ED 301 321 138
ED 301 302 251
ED 301 320 202
ED 302 322 240
ED 302 303 207
ED 302 281 182
ED 303 323 164
ED 303 304 225
ED 303 322 153
ED 304 324 212
ED 304 305 213
ED 304 283 118
ED 305 325 198
ED 305 306 211
ED 305 324 120
ED 306 326 239
ED 306 307 229
ED 306 285 145
ED 307 327 206
ED 307 308 242
ED 307 326 160
ED 308 328 238
ED 308 309 232
ED 308 287 113
ED 309 329 201
ED 309 310 181
ED 309 328 189
ED 310 330 248
ED 310 311 234
ED 310 289 135
ED 311 331 150
ED 311 312 263
ED 311 330 122
ED 312 332 206
ED 312 313 249
ED 312 291 184
ED 313 333 165
ED 313 314 249
ED 313 332 177
ED 314 334 197
ED 314 315 219
ED 314 293 213
ED 315 335 143
ED 315 316 268
ED 315 334 131
ED 316 336 195
ED 316 317 164
ED 316 295 163
ED 317 337 187
ED 317 318 191
ED 317 336 159
ED 318 338 181
ED 318 319 218
ED 318 297 171
ED 319 339 203
ED 319 338 154
ED 320 340 187
ED 320 321 207
ED 321 341 227
ED 321 322 204
ED 321 340 176
ED 322 342 181
ED 322 323 180
ED 322 301 148
ED 323 343 209
ED 323 324 188
ED 323 342 195
ED 324 344 187
ED 324 325 192
ED 324 303 154
ED 325 345 205
ED 325 326 194
ED 325 344 166
ED 326 346 156
ED 326 327 222
ED 326 305 178
ED 327 347 186
ED 327 328 209
ED 327 346 197
ED 328 348 172
ED 328 329 181
ED 328 307 201
ED 329 349 210
ED 329 330 178
ED 329 348 176
ED 330 350 185
ED 330 331 143
ED 330 309 184
ED 331 351 236
ED 331 332 211
ED 331 350 129
ED 332 352 244
ED 332 333 228
ED 332 311 162
ED 333 353 257
ED 333 334 212
ED 333 352 193
ED 334 354 221
ED 334 335 190
ED 334 313 131
ED 335 355 256
ED 335 336 210
ED 335 354 167
ED 336 356 246
ED 336 337 172
ED 336 315 165
ED 337 357 221
ED 337 338 227
ED 337 356 148
ED 338 358 215
ED 338 339 197
ED 338 317 176
ED 339 359 198
ED 339 358 100
ED 340 360 254
ED 340 341 257
ED 341 361 167
ED 341 342 195
ED 341 360 170
ED 342 362 229
ED 342 343 211
ED 342 321 188
ED 343 363 224
ED 343 344 182
ED 343 362 174
ED 344 364 236
ED 344 345 280
ED 344 323 96
ED 345 365 219
ED 345 346 178
ED 345 364 207
ED 346 366 247
ED 346 347 235
ED 346 325 149
ED 347 367 184
ED 347 348 225
ED 347 366 197
ED 348 368 225
ED 348 349 206
ED 348 327 144
ED 349 369 256
ED 349 350 211
ED 349 368 194
ED 350 370 192
ED 350 351 191
ED 350 329 195
ED 351 371 208
ED 351 352 178
ED 351 370 194
ED 352 372 185
ED 352 353 200
ED 352 331 195
ED 353 373 154
ED 353 354 256
ED 353 372 105
ED 354 374 251
ED 354 355 262
ED 354 333 131
ED 355 375 171
ED 355 356 210
ED 355 374 160
ED 356 376 212
ED 356 357 142
ED 356 335 240
ED 357 377 194
ED 357 358 241
ED 357 376 205
ED 358 378 181
ED 358 359 170
ED 358 337 235
ED 359 379 220
ED 359 378 147
ED 360 380 218
ED 360 361 180
ED 361 381 200
ED 361 362 185
ED 361 380 232
ED 362 382 142
ED 362 363 187
ED 362 341 199
ED 363 383 185
ED 363 364 182
ED 363 382 184
ED 364 384 178
ED 364 365 205
ED 364 343 134
ED 365 385 172
ED 365 366 186
ED 365 384 162
ED 366 386 212
ED 366 367 175
ED 366 345 123
ED 367 387 239
ED 367 368 203
ED 367 386 192
ED 368 388 166
ED 368 369 254
ED 368 347 155
ED 369 389 210
ED 369 370 212
ED 369 388 199
ED 370 390 242
ED 370 371 227
ED 370 349 131
ED 371 391 206
ED 371 372 232
ED 371 390 136
ED 372 392 217
ED 372 373 176
ED 372 351 157
ED 373 393 235
ED 373 374 227
ED 373 392 125
ED 374 394 165
ED 374 375 186
ED 374 353 227
ED 375 395 245
ED 375 376 129
ED 375 394 231
ED 376 396 150
ED 376 377 229
ED 376 355 105
ED 377 397 214
ED 377 378 193
ED 377 396 194
ED 378 398 231
ED 378 379 235
ED 378 357 150
ED 379 399 219
ED 379 398 93
ED 380 381 217
ED 381 382 183
ED 382 383 199
ED 382 361 147
ED 383 384 207
ED 384 385 236
ED 384 363 90
ED 385 386 134
ED 386 387 187
ED 386 365 164
ED 387 388 250
ED 388 389 257
ED 388 367 165
ED 389 390 238
ED 390 391 190
ED 390 369 144
ED 391 392 234
ED 392 393 195
ED 392 371 222
ED 393 394 206
ED 394 395 263
ED 394 373 144
ED 395 396 243
ED 396 397 239
ED 396 375 103
ED 397 398 222
ED 398 399 214
ED 398 377 180
DM 1 121 1000 
ID 1 47 47 
ID 2 57 40 
ID 3 74 4 
ID 4 70 44 
ID 5 57 39 
ID 6 63 11 
ID 7 63 57 
ID 8 14 41 
ID 9 43 53 
ID 10 38 67 
SD 1 295
SD 2 354
SD 3 193
SD 4 130
DCD 1 121
DCD 2 79
DCD 3 78
OD 1 366
OD 2 135
OD 3 399
