VC 100
EC 99
DMC 1
IC 10
SC 4
DCC 4
OC 3
NL 0
QN 1
ED 0 1 107
ED 1 2 126
ED 2 3 48
ED 3 4 100
ED 4 5 123
ED 5 6 109
ED 6 7 119
ED 7 8 91
ED 8 9 88
ED 9 10 125
ED 10 11 136
ED 11 12 53
ED 12 13 73
ED 13 14 158
ED 14 15 120
ED 15 16 106
ED 16 17 35
ED 17 18 125
ED 18 19 93
ED 19 20 167
ED 20 21 88
ED 21 22 93
ED 22 23 70
ED 23 24 84
ED 24 25 131
ED 25 26 149
ED 26 27 106
ED 27 28 53
ED 28 29 106
ED 29 30 103
ED 30 31 142
ED 31 32 123
ED 32 33 117
ED 33 34 108
ED 34 35 54
ED 35 36 92
ED 36 37 150
ED 37 38 51
ED 38 39 150
ED 39 40 125
ED 40 41 36
ED 41 42 101
ED 42 43 136
ED 43 44 89
ED 44 45 163
ED 45 46 136
ED 46 47 79
ED 47 48 90
ED 48 49 158
ED 49 50 118
ED 50 51 38
ED 51 52 110
ED 52 53 132
ED 53 54 119
ED 54 55 60
ED 55 56 93
ED 56 57 158
ED 57 58 35
ED 58 59 114
ED 59 60 132
ED 60 61 52
ED 61 62 151
ED 62 63 74
ED 63 64 129
ED 64 65 99
ED 65 66 124
ED 66 67 71
ED 67 68 124
ED 68 69 146
ED 69 70 79
ED 70 71 124
ED 71 72 64
ED 72 73 86
ED 73 74 124
ED 74 75 121
ED 75 76 50
ED 76 77 102
ED 77 78 157
ED 78 79 91
ED 79 80 110
ED 80 81 82
ED 81 82 122
ED 82 83 73
ED 83 84 158
ED 84 85 81
ED 85 86 118
ED 86 87 108
ED 87 88 69
ED 88 89 161
ED 89 90 100
ED 90 91 99
ED 91 92 40
ED 92 93 136
ED 93 94 103
ED 94 95 64
ED 95 96 130
ED 96 97 152
ED 97 98 72
ED 98 99 131
DM 1 70 1000 
ID 1 85 98 
ID 2 10 40 
ID 3 3 38 
ID 4 50 23 
ID 5 40 61 
ID 6 69 56 
ID 7 88 94 
ID 8 26 46 
ID 9 57 97 
ID 10 24 28 
SD 1 53
SD 2 85
SD 3 21
SD 4 62
DCD 1 30
DCD 2 30
DCD 3 7
DCD 4 65
OD 1 85
OD 2 74
OD 3 2
