VC 25
EC 56
DMC 1
IC 6
SC 4
DCC 4
OC 2
NL 0
QN 1
ED 0 5 211
ED 0 1 216
ED 1 6 215
ED 1 2 241
ED 1 5 158
ED 2 7 205
ED 2 3 280
ED 3 8 182
ED 3 4 265
ED 3 7 132
ED 4 9 219
ED 5 10 202
ED 5 6 248
ED 6 11 157
ED 6 7 285
ED 6 10 116
ED 7 12 263
ED 7 8 229
ED 7 1 187
ED 8 13 212
ED 8 9 230
ED 8 12 173
ED 9 14 194
ED 9 3 134
ED 10 15 194
ED 10 11 184
ED 11 16 240
ED 11 12 194
ED 11 15 119
ED 12 17 217
ED 12 13 222
ED 12 6 152
ED 13 18 140
ED 13 14 231
ED 13 17 156
ED 14 19 239
ED 14 8 127
ED 15 20 203
ED 15 16 241
ED 16 21 183
ED 16 17 206
ED 16 20 185
ED 17 22 181
ED 17 18 173
ED 17 11 209
ED 18 23 244
ED 18 19 187
ED 18 22 186
ED 19 24 171
ED 19 13 177
ED 20 21 252
ED 21 22 220
ED 22 23 170
ED 22 16 168
ED 23 24 237
ED 24 18 134
DM 1 23 1000 
ID 1 41 79 
ID 2 26 68 
ID 3 7 77 
ID 4 52 19 
ID 5 84 95 
ID 6 60 66 
SD 1 25
SD 2 13
SD 3 25
SD 4 4
DCD 1 3
DCD 2 17
DCD 3 24
DCD 4 19
OD 1 3
OD 2 19
