VC 100
EC 261
DMC 1
IC 6
SC 3
DCC 3
OC 2
NL 0
QN 1
ED 0 10 259
ED 0 1 215
ED 1 11 202
ED 1 2 169
ED 1 10 235
ED 2 12 189
ED 2 3 185
ED 3 13 196
ED 3 4 244
ED 3 12 125
ED 4 14 223
ED 4 5 226
ED 5 15 211
ED 5 6 168
ED 5 14 181
ED 6 16 211
ED 6 7 229
ED 7 17 236
ED 7 8 189
ED 7 16 218
ED 8 18 172
ED 8 9 173
ED 9 19 188
ED 9 18 87
ED 10 20 213
ED 10 11 181
ED 11 21 218
ED 11 12 218
ED 11 20 189
ED 12 22 196
ED 12 13 191
ED 12 1 142
ED 13 23 179
ED 13 14 227
ED 13 22 129
ED 14 24 158
ED 14 15 200
ED 14 3 192
ED 15 25 195
ED 15 16 196
ED 15 24 176
ED 16 26 162
ED 16 17 186
ED 16 5 132
ED 17 27 223
ED 17 18 273
ED 17 26 127
ED 18 28 195
ED 18 19 205
ED 18 7 160
ED 19 29 224
ED 19 28 195
ED 20 30 151
ED 20 21 198
ED 21 31 209
ED 21 22 209
ED 21 30 123
ED 22 32 210
ED 22 23 197
ED 22 11 193
ED 23 33 205
ED 23 24 201
ED 23 32 140
ED 24 34 256
ED 24 25 278
ED 24 13 152
ED 25 35 171
ED 25 26 209
ED 25 34 167
ED 26 36 169
ED 26 27 254
ED 26 15 161
ED 27 37 178
ED 27 28 226
ED 27 36 161
ED 28 38 225
ED 28 29 280
ED 28 17 146
ED 29 39 155
ED 29 38 151
ED 30 40 252
ED 30 31 228
ED 31 41 232
ED 31 32 195
ED 31 40 224
ED 32 42 194
ED 32 33 183
ED 32 21 194
ED 33 43 189
ED 33 34 210
ED 33 42 144
ED 34 44 126
ED 34 35 126
ED 34 23 210
ED 35 45 191
ED 35 36 265
ED 35 44 100
ED 36 46 246
ED 36 37 242
ED 36 25 148
ED 37 47 220
ED 37 38 225
ED 37 46 209
ED 38 48 245
ED 38 39 161
ED 38 27 141
ED 39 49 257
ED 39 48 189
ED 40 50 158
ED 40 41 231
ED 41 51 203
ED 41 42 242
ED 41 50 159
ED 42 52 210
ED 42 43 187
ED 42 31 150
ED 43 53 250
ED 43 44 239
ED 43 52 154
ED 44 54 240
ED 44 45 189
ED 44 33 176
ED 45 55 254
ED 45 46 186
ED 45 54 158
ED 46 56 202
ED 46 47 267
ED 46 35 186
ED 47 57 155
ED 47 48 176
ED 47 56 169
ED 48 58 146
ED 48 49 243
ED 48 37 126
ED 49 59 233
ED 49 58 199
ED 50 60 242
ED 50 51 257
ED 51 61 160
ED 51 52 237
ED 51 60 121
ED 52 62 173
ED 52 53 197
ED 52 41 184
ED 53 63 137
ED 53 54 245
ED 53 62 115
ED 54 64 224
ED 54 55 251
ED 54 43 156
ED 55 65 213
ED 55 56 210
ED 55 64 187
ED 56 66 205
ED 56 57 141
ED 56 45 217
ED 57 67 208
ED 57 58 222
ED 57 66 168
ED 58 68 245
ED 58 59 241
ED 58 47 102
ED 59 69 122
ED 59 68 134
ED 60 70 213
ED 60 61 154
ED 61 71 219
ED 61 62 233
ED 61 70 147
ED 62 72 230
ED 62 63 173
ED 62 51 163
ED 63 73 240
ED 63 64 202
ED 63 72 145
ED 64 74 206
ED 64 65 191
ED 64 53 184
ED 65 75 136
ED 65 66 222
ED 65 74 131
ED 66 76 175
ED 66 67 206
ED 66 55 108
ED 67 77 195
ED 67 68 164
ED 67 76 169
ED 68 78 169
ED 68 69 164
ED 68 57 198
ED 69 79 236
ED 69 78 178
ED 70 80 191
ED 70 71 182
ED 71 81 202
ED 71 72 219
ED 71 80 126
ED 72 82 191
ED 72 73 197
ED 72 61 204
ED 73 83 210
ED 73 74 196
ED 73 82 165
ED 74 84 155
ED 74 75 155
ED 74 63 217
ED 75 85 217
ED 75 76 196
ED 75 84 188
ED 76 86 254
ED 76 77 227
ED 76 65 173
ED 77 87 247
ED 77 78 149
ED 77 86 224
ED 78 88 216
ED 78 79 248
ED 78 67 134
ED 79 89 212
ED 79 88 163
ED 80 90 205
ED 80 81 170
ED 81 91 161
ED 81 82 221
ED 81 90 144
ED 82 92 162
ED 82 83 228
ED 82 71 163
ED 83 93 149
ED 83 84 212
ED 83 92 172
ED 84 94 254
ED 84 85 206
ED 84 73 116
ED 85 95 249
ED 85 86 196
ED 85 94 171
ED 86 96 198
ED 86 87 218
ED 86 75 204
ED 87 97 176
ED 87 88 209
ED 87 96 205
ED 88 98 182
ED 88 89 177
ED 88 77 157
ED 89 99 225
ED 89 98 102
ED 90 91 155
ED 91 92 220
ED 92 93 244
ED 92 81 157
ED 93 94 127
ED 94 95 214
ED 94 83 145
ED 95 96 187
ED 96 97 153
ED 96 85 204
ED 97 98 251
ED 98 99 238
ED 98 87 145
DM 1 56 1000 
ID 1 63 93 
ID 2 23 23 
ID 3 100 3 
ID 4 64 11 
ID 5 99 83 
ID 6 10 28 
SD 1 47
SD 2 4
SD 3 83
DCD 1 92
DCD 2 30
DCD 3 25
OD 1 53
OD 2 53
