VC 400
EC 760
DMC 1
IC 7
SC 3
DCC 2
OC 2
NL 0
QN 1
ED 0 20 78
ED 0 1 94
ED 1 21 37
ED 1 2 2
ED 2 22 12
ED 2 3 15
ED 3 23 50
ED 3 4 44
ED 4 24 27
ED 4 5 18
ED 5 25 19
ED 5 6 33
ED 6 26 33
ED 6 7 50
ED 7 27 57
ED 7 8 45
ED 8 28 38
ED 8 9 33
ED 9 29 28
ED 9 10 34
ED 10 30 61
ED 10 11 69
ED 11 31 21
ED 11 12 63
ED 12 32 57
ED 12 13 26
ED 13 33 46
ED 13 14 25
ED 14 34 72
ED 14 15 67
ED 15 35 25
ED 15 16 85
ED 16 36 51
ED 16 17 48
ED 17 37 13
ED 17 18 49
ED 18 38 17
ED 18 19 55
ED 19 39 71
ED 20 40 9
ED 20 21 70
ED 21 41 18
ED 21 22 30
ED 22 42 39
ED 22 23 53
ED 23 43 18
ED 23 24 21
ED 24 44 65
ED 24 25 41
ED 25 45 16
ED 25 26 19
ED 26 46 51
ED 26 27 23
ED 27 47 6
ED 27 28 48
ED 28 48 38
ED 28 29 46
ED 29 49 51
ED 29 30 54
ED 30 50 16
ED 30 31 6
ED 31 51 52
ED 31 32 46
ED 32 52 46
ED 32 33 7
ED 33 53 32
ED 33 34 75
ED 34 54 30
ED 34 35 66
ED 35 55 15
ED 35 36 29
ED 36 56 23
ED 36 37 48
ED 37 57 41
ED 37 38 65
ED 38 58 59
ED 38 39 9
ED 39 59 56
ED 40 60 18
ED 40 41 79
ED 41 61 72
ED 41 42 70
ED 42 62 63
ED 42 43 53
ED 43 63 40
ED 43 44 61
ED 44 64 34
ED 44 45 52
ED 45 65 31
ED 45 46 69
ED 46 66 22
ED 46 47 40
ED 47 67 18
ED 47 48 64
ED 48 68 44
ED 48 49 30
ED 49 69 71
ED 49 50 18
ED 50 70 40
ED 50 51 33
ED 51 71 36
ED 51 52 17
ED 52 72 31
ED 52 53 13
ED 53 73 57
ED 53 54 48
ED 54 74 5
ED 54 55 24
ED 55 75 35
ED 55 56 32
ED 56 76 35
ED 56 57 53
ED 57 77 48
ED 57 58 14
ED 58 78 100
ED 58 59 81
ED 59 79 61
ED 60 80 40
ED 60 61 10
ED 61 81 28
ED 61 62 66
ED 62 82 39
ED 62 63 32
ED 63 83 76
ED 63 64 63
ED 64 84 39
ED 64 65 39
ED 65 85 61
ED 65 66 52
ED 66 86 37
ED 66 67 36
ED 67 87 45
ED 67 68 37
ED 68 88 34
ED 68 69 36
ED 69 89 56
ED 69 70 46
ED 70 90 58
ED 70 71 27
ED 71 91 5
ED 71 72 35
ED 72 92 53
ED 72 73 77
ED 73 93 30
ED 73 74 41
ED 74 94 23
ED 74 75 51
ED 75 95 32
ED 75 76 32
ED 76 96 20
ED 76 77 14
ED 77 97 47
ED 77 78 48
ED 78 98 58
ED 78 79 84
ED 79 99 67
ED 80 100 66
ED 80 81 25
ED 81 101 19
ED 81 82 37
ED 82 102 70
ED 82 83 47
ED 83 103 26
ED 83 84 62
ED 84 104 11
ED 84 85 61
ED 85 105 53
ED 85 86 52
ED 86 106 58
ED 86 87 27
ED 87 107 3
ED 87 88 38
ED 88 108 26
ED 88 89 52
ED 89 109 47
ED 89 90 67
ED 90 110 69
ED 90 91 51
ED 91 111 31
ED 91 92 42
ED 92 112 65
ED 92 93 18
ED 93 113 31
ED 93 94 31
ED 94 114 47
ED 94 95 39
ED 95 115 40
ED 95 96 24
ED 96 116 52
ED 96 97 26
ED 97 117 81
ED 97 98 35
ED 98 118 50
ED 98 99 30
ED 99 119 68
ED 100 120 65
ED 100 101 47
ED 101 121 49
ED 101 102 40
ED 102 122 21
ED 102 103 26
ED 103 123 28
ED 103 104 56
ED 104 124 54
ED 104 105 31
ED 105 125 15
ED 105 106 55
ED 106 126 53
ED 106 107 68
ED 107 127 61
ED 107 108 54
ED 108 128 39
ED 108 109 44
ED 109 129 70
ED 109 110 8
ED 110 130 59
ED 110 111 59
ED 111 131 22
ED 111 112 52
ED 112 132 46
ED 112 113 75
ED 113 133 67
ED 113 114 39
ED 114 134 36
ED 114 115 38
ED 115 135 53
ED 115 116 78
ED 116 136 12
ED 116 117 92
ED 117 137 27
ED 117 118 59
ED 118 138 71
ED 118 119 89
ED 119 139 72
ED 120 140 61
ED 120 121 62
ED 121 141 45
ED 121 122 19
ED 122 142 59
ED 122 123 21
ED 123 143 62
ED 123 124 51
ED 124 144 49
ED 124 125 46
ED 125 145 34
ED 125 126 58
ED 126 146 9
ED 126 127 55
ED 127 147 43
ED 127 128 54
ED 128 148 34
ED 128 129 65
ED 129 149 62
ED 129 130 25
ED 130 150 12
ED 130 131 21
ED 131 151 21
ED 131 132 56
ED 132 152 46
ED 132 133 13
ED 133 153 43
ED 133 134 59
ED 134 154 11
ED 134 135 56
ED 135 155 33
ED 135 136 35
ED 136 156 58
ED 136 137 76
ED 137 157 7
ED 137 138 6
ED 138 158 41
ED 138 139 49
ED 139 159 47
ED 140 160 29
ED 140 141 41
ED 141 161 26
ED 141 142 42
ED 142 162 19
ED 142 143 58
ED 143 163 49
ED 143 144 72
ED 144 164 57
ED 144 145 43
ED 145 165 27
ED 145 146 24
ED 146 166 73
ED 146 147 66
ED 147 167 12
ED 147 148 12
ED 148 168 7
ED 148 149 11
ED 149 169 37
ED 149 150 39
ED 150 170 39
ED 150 151 45
ED 151 171 29
ED 151 152 50
ED 152 172 25
ED 152 153 26
ED 153 173 64
ED 153 154 12
ED 154 174 13
ED 154 155 57
ED 155 175 85
ED 155 156 57
ED 156 176 12
ED 156 157 16
ED 157 177 51
ED 157 158 41
ED 158 178 5
ED 158 159 35
ED 159 179 43
ED 160 180 25
ED 160 161 55
ED 161 181 39
ED 161 162 30
ED 162 182 2
ED 162 163 62
ED 163 183 38
ED 163 164 49
ED 164 184 31
ED 164 165 45
ED 165 185 38
ED 165 166 25
ED 166 186 79
ED 166 167 45
ED 167 187 46
ED 167 168 15
ED 168 188 42
ED 168 169 33
ED 169 189 26
ED 169 170 43
ED 170 190 38
ED 170 171 34
ED 171 191 27
ED 171 172 35
ED 172 192 41
ED 172 173 78
ED 173 193 28
ED 173 174 77
ED 174 194 86
ED 174 175 54
ED 175 195 10
ED 175 176 45
ED 176 196 14
ED 176 177 23
ED 177 197 59
ED 177 178 55
ED 178 198 29
ED 178 179 43
ED 179 199 2
ED 180 200 40
ED 180 181 48
ED 181 201 19
ED 181 182 19
ED 182 202 27
ED 182 183 36
ED 183 203 31
ED 183 184 39
ED 184 204 79
ED 184 185 20
ED 185 205 28
ED 185 186 78
ED 186 206 70
ED 186 187 76
ED 187 207 65
ED 187 188 52
ED 188 208 66
ED 188 189 41
ED 189 209 68
ED 189 190 29
ED 190 210 31
ED 190 191 41
ED 191 211 59
ED 191 192 46
ED 192 212 18
ED 192 193 77
ED 193 213 21
ED 193 194 2
ED 194 214 41
ED 194 195 52
ED 195 215 40
ED 195 196 64
ED 196 216 57
ED 196 197 55
ED 197 217 50
ED 197 198 34
ED 198 218 22
ED 198 199 18
ED 199 219 51
ED 200 220 28
ED 200 201 15
ED 201 221 73
ED 201 202 19
ED 202 222 47
ED 202 203 21
ED 203 223 59
ED 203 204 85
ED 204 224 52
ED 204 205 67
ED 205 225 35
ED 205 206 8
ED 206 226 59
ED 206 207 34
ED 207 227 73
ED 207 208 3
ED 208 228 18
ED 208 209 92
ED 209 229 57
ED 209 210 71
ED 210 230 20
ED 210 211 50
ED 211 231 20
ED 211 212 69
ED 212 232 26
ED 212 213 52
ED 213 233 53
ED 213 214 18
ED 214 234 80
ED 214 215 38
ED 215 235 27
ED 215 216 55
ED 216 236 46
ED 216 217 10
ED 217 237 59
ED 217 218 23
ED 218 238 18
ED 218 219 31
ED 219 239 34
ED 220 240 45
ED 220 221 37
ED 221 241 15
ED 221 222 75
ED 222 242 31
ED 222 223 93
ED 223 243 73
ED 223 224 41
ED 224 244 25
ED 224 225 47
ED 225 245 40
ED 225 226 45
ED 226 246 54
ED 226 227 64
ED 227 247 65
ED 227 228 76
ED 228 248 27
ED 228 229 64
ED 229 249 36
ED 229 230 38
ED 230 250 48
ED 230 231 25
ED 231 251 32
ED 231 232 65
ED 232 252 71
ED 232 233 29
ED 233 253 17
ED 233 234 78
ED 234 254 68
ED 234 235 49
ED 235 255 39
ED 235 236 24
ED 236 256 38
ED 236 237 41
ED 237 257 54
ED 237 238 25
ED 238 258 44
ED 238 239 38
ED 239 259 57
ED 240 260 28
ED 240 241 54
ED 241 261 26
ED 241 242 56
ED 242 262 26
ED 242 243 2
ED 243 263 21
ED 243 244 39
ED 244 264 54
ED 244 245 37
ED 245 265 70
ED 245 246 32
ED 246 266 34
ED 246 247 55
ED 247 267 27
ED 247 248 29
ED 248 268 48
ED 248 249 6
ED 249 269 68
ED 249 250 29
ED 250 270 31
ED 250 251 61
ED 251 271 27
ED 251 252 31
ED 252 272 21
ED 252 253 69
ED 253 273 58
ED 253 254 23
ED 254 274 66
ED 254 255 49
ED 255 275 62
ED 255 256 52
ED 256 276 46
ED 256 257 43
ED 257 277 82
ED 257 258 55
ED 258 278 3
ED 258 259 51
ED 259 279 56
ED 260 280 46
ED 260 261 58
ED 261 281 16
ED 261 262 62
ED 262 282 51
ED 262 263 4
ED 263 283 29
ED 263 264 58
ED 264 284 29
ED 264 265 86
ED 265 285 50
ED 265 266 68
ED 266 286 50
ED 266 267 78
ED 267 287 41
ED 267 268 67
ED 268 288 10
ED 268 269 15
ED 269 289 76
ED 269 270 63
ED 270 290 58
ED 270 271 22
ED 271 291 65
ED 271 272 50
ED 272 292 47
ED 272 273 78
ED 273 293 74
ED 273 274 76
ED 274 294 45
ED 274 275 68
ED 275 295 16
ED 275 276 23
ED 276 296 48
ED 276 277 76
ED 277 297 25
ED 277 278 46
ED 278 298 37
ED 278 279 18
ED 279 299 39
ED 280 300 57
ED 280 281 36
ED 281 301 61
ED 281 282 5
ED 282 302 33
ED 282 283 38
ED 283 303 35
ED 283 284 13
ED 284 304 38
ED 284 285 42
ED 285 305 31
ED 285 286 47
ED 286 306 76
ED 286 287 22
ED 287 307 28
ED 287 288 41
ED 288 308 58
ED 288 289 67
ED 289 309 49
ED 289 290 71
ED 290 310 69
ED 290 291 12
ED 291 311 24
ED 291 292 18
ED 292 312 15
ED 292 293 51
ED 293 313 59
ED 293 294 49
ED 294 314 20
ED 294 295 17
ED 295 315 21
ED 295 296 56
ED 296 316 64
ED 296 297 58
ED 297 317 16
ED 297 298 23
ED 298 318 26
ED 298 299 18
ED 299 319 20
ED 300 320 65
ED 300 301 54
ED 301 321 8
ED 301 302 33
ED 302 322 18
ED 302 303 37
ED 303 323 62
ED 303 304 61
ED 304 324 3
ED 304 305 45
ED 305 325 43
ED 305 306 23
ED 306 326 30
ED 306 307 82
ED 307 327 46
ED 307 308 16
ED 308 328 48
ED 308 309 51
ED 309 329 26
ED 309 310 31
ED 310 330 55
ED 310 311 54
ED 311 331 19
ED 311 312 41
ED 312 332 65
ED 312 313 90
ED 313 333 44
ED 313 314 59
ED 314 334 55
ED 314 315 15
ED 315 335 62
ED 315 316 24
ED 316 336 63
ED 316 317 50
ED 317 337 31
ED 317 318 27
ED 318 338 35
ED 318 319 35
ED 319 339 5
ED 320 340 39
ED 320 321 37
ED 321 341 18
ED 321 322 11
ED 322 342 26
ED 322 323 43
ED 323 343 10
ED 323 324 33
ED 324 344 78
ED 324 325 29
ED 325 345 29
ED 325 326 37
ED 326 346 58
ED 326 327 25
ED 327 347 35
ED 327 328 4
ED 328 348 18
ED 328 329 31
ED 329 349 47
ED 329 330 38
ED 330 350 70
ED 330 331 58
ED 331 351 26
ED 331 332 25
ED 332 352 52
ED 332 333 20
ED 333 353 47
ED 333 334 42
ED 334 354 37
ED 334 335 8
ED 335 355 33
ED 335 336 75
ED 336 356 53
ED 336 337 39
ED 337 357 22
ED 337 338 22
ED 338 358 50
ED 338 339 39
ED 339 359 66
ED 340 360 27
ED 340 341 11
ED 341 361 45
ED 341 342 20
ED 342 362 46
ED 342 343 27
ED 343 363 30
ED 343 344 71
ED 344 364 27
ED 344 345 28
ED 345 365 35
ED 345 346 60
ED 346 366 57
ED 346 347 46
ED 347 367 43
ED 347 348 15
ED 348 368 27
ED 348 349 41
ED 349 369 48
ED 349 350 14
ED 350 370 66
ED 350 351 20
ED 351 371 35
ED 351 352 53
ED 352 372 13
ED 352 353 73
ED 353 373 51
ED 353 354 44
ED 354 374 34
ED 354 355 18
ED 355 375 13
ED 355 356 28
ED 356 376 38
ED 356 357 58
ED 357 377 44
ED 357 358 75
ED 358 378 33
ED 358 359 47
ED 359 379 26
ED 360 380 27
ED 360 361 30
ED 361 381 30
ED 361 362 70
ED 362 382 44
ED 362 363 43
ED 363 383 44
ED 363 364 15
ED 364 384 9
ED 364 365 62
ED 365 385 27
ED 365 366 6
ED 366 386 36
ED 366 367 31
ED 367 387 41
ED 367 368 20
ED 368 388 33
ED 368 369 12
ED 369 389 34
ED 369 370 35
ED 370 390 36
ED 370 371 16
ED 371 391 11
ED 371 372 50
ED 372 392 40
ED 372 373 89
ED 373 393 93
ED 373 374 94
ED 374 394 71
ED 374 375 44
ED 375 395 35
ED 375 376 54
ED 376 396 40
ED 376 377 51
ED 377 397 47
ED 377 378 46
ED 378 398 74
ED 378 379 59
ED 379 399 68
ED 380 381 29
ED 381 382 29
ED 382 383 25
ED 383 384 68
ED 384 385 67
ED 385 386 37
ED 386 387 48
ED 387 388 25
ED 388 389 12
ED 389 390 25
ED 390 391 31
ED 391 392 20
ED 392 393 25
ED 393 394 65
ED 394 395 64
ED 395 396 38
ED 396 397 29
ED 397 398 50
ED 398 399 43
DM 1 63 1000 
ID 1 43 96 
ID 2 67 41 
ID 3 20 49 
ID 4 27 22 
ID 5 27 11 
ID 6 6 57 
ID 7 90 67 
SD 1 362
SD 2 322
SD 3 173
DCD 1 241
DCD 2 243
OD 1 264
OD 2 353
