VC 100
EC 180
DMC 1
IC 6
SC 2
DCC 4
OC 4
NL 0
QN 1
ED 0 10 89
ED 0 1 54
ED 1 11 31
ED 1 2 39
ED 2 12 57
ED 2 3 61
ED 3 13 40
ED 3 4 64
ED 4 14 29
ED 4 5 74
ED 5 15 78
ED 5 6 86
ED 6 16 59
ED 6 7 62
ED 7 17 42
ED 7 8 46
ED 8 18 38
ED 8 9 49
ED 9 19 61
ED 10 20 83
ED 10 11 23
ED 11 21 43
ED 11 12 21
ED 12 22 5
ED 12 13 45
ED 13 23 46
ED 13 14 42
ED 14 24 14
ED 14 15 34
ED 15 25 52
ED 15 16 58
ED 16 26 34
ED 16 17 38
ED 17 27 16
ED 17 18 30
ED 18 28 11
ED 18 19 29
ED 19 29 75
ED 20 30 62
ED 20 21 36
ED 21 31 59
ED 21 22 63
ED 22 32 69
ED 22 23 8
ED 23 33 50
ED 23 24 27
ED 24 34 48
ED 24 25 8
ED 25 35 61
ED 25 26 27
ED 26 36 30
ED 26 27 37
ED 27 37 51
ED 27 28 43
ED 28 38 26
ED 28 29 44
ED 29 39 64
ED 30 40 19
ED 30 31 11
ED 31 41 20
ED 31 32 65
ED 32 42 37
ED 32 33 21
ED 33 43 31
ED 33 34 17
ED 34 44 53
ED 34 35 20
ED 35 45 49
ED 35 36 19
ED 36 46 22
ED 36 37 43
ED 37 47 46
ED 37 38 30
ED 38 48 55
ED 38 39 34
ED 39 49 26
ED 40 50 21
ED 40 41 35
ED 41 51 67
ED 41 42 15
ED 42 52 12
ED 42 43 29
ED 43 53 79
ED 43 44 59
ED 44 54 48
ED 44 45 13
ED 45 55 46
ED 45 46 30
ED 46 56 29
ED 46 47 13
ED 47 57 51
ED 47 48 76
ED 48 58 44
ED 48 49 54
ED 49 59 18
ED 50 60 73
ED 50 51 79
ED 51 61 28
ED 51 52 58
ED 52 62 34
ED 52 53 63
ED 53 63 36
ED 53 54 59
ED 54 64 31
ED 54 55 32
ED 55 65 2
ED 55 56 68
ED 56 66 80
ED 56 57 61
ED 57 67 27
ED 57 58 22
ED 58 68 27
ED 58 59 56
ED 59 69 33
ED 60 70 34
ED 60 61 12
ED 61 71 19
ED 61 62 5
ED 62 72 46
ED 62 63 6
ED 63 73 34
ED 63 64 28
ED 64 74 51
ED 64 65 20
ED 65 75 22
ED 65 66 10
ED 66 76 73
ED 66 67 4
ED 67 77 61
ED 67 68 48
ED 68 78 9
ED 68 69 19
ED 69 79 30
ED 70 80 64
ED 70 71 55
ED 71 81 23
ED 71 72 43
ED 72 82 25
ED 72 73 14
ED 73 83 28
ED 73 74 49
ED 74 84 45
ED 74 75 43
ED 75 85 13
ED 75 76 70
ED 76 86 37
ED 76 77 35
ED 77 87 61
ED 77 78 35
ED 78 88 9
ED 78 79 10
ED 79 89 28
ED 80 90 46
ED 80 81 34
ED 81 91 15
ED 81 82 35
ED 82 92 47
ED 82 83 36
ED 83 93 41
ED 83 84 22
ED 84 94 66
ED 84 85 7
ED 85 95 54
ED 85 86 53
ED 86 96 12
ED 86 87 59
ED 87 97 75
ED 87 88 62
ED 88 98 15
ED 88 89 42
ED 89 99 56
ED 90 91 51
ED 91 92 10
ED 92 93 41
ED 93 94 69
ED 94 95 18
ED 95 96 23
ED 96 97 15
ED 97 98 37
ED 98 99 29
DM 1 40 1000 
ID 1 89 5 
ID 2 53 91 
ID 3 71 16 
ID 4 23 59 
ID 5 45 52 
ID 6 12 93 
SD 1 2
SD 2 38
DCD 1 5
DCD 2 72
DCD 3 55
DCD 4 61
OD 1 25
OD 2 19
OD 3 42
OD 4 67
