VC 400
EC 399
DMC 1
IC 9
SC 2
DCC 4
OC 2
NL 0
QN 1
ED 0 1 96
ED 1 2 101
ED 2 3 141
ED 3 4 99
ED 4 5 78
ED 5 6 141
ED 6 7 78
ED 7 8 121
ED 8 9 102
ED 9 10 120
ED 10 11 136
ED 11 12 49
ED 12 13 131
ED 13 14 112
ED 14 15 73
ED 15 16 125
ED 16 17 107
ED 17 18 95
ED 18 19 43
ED 19 20 122
ED 20 21 102
ED 21 22 92
ED 22 23 126
ED 23 24 88
ED 24 25 103
ED 25 26 112
ED 26 27 105
ED 27 28 129
ED 28 29 142
ED 29 30 74
ED 30 31 106
ED 31 32 91
ED 32 33 98
ED 33 34 138
ED 34 35 114
ED 35 36 53
ED 36 37 179
ED 37 38 83
ED 38 39 52
ED 39 40 154
ED 40 41 107
ED 41 42 100
ED 42 43 71
ED 43 44 142
ED 44 45 90
ED 45 46 129
ED 46 47 96
ED 47 48 75
ED 48 49 138
ED 49 50 50
ED 50 51 134
ED 51 52 125
ED 52 53 79
ED 53 54 124
ED 54 55 130
ED 55 56 35
ED 56 57 147
ED 57 58 89
ED 58 59 138
ED 59 60 61
ED 60 61 80
ED 61 62 152
ED 62 63 67
ED 63 64 135
ED 64 65 123
ED 65 66 60
ED 66 67 129
ED 67 68 111
ED 68 69 76
ED 69 70 138
ED 70 71 108
ED 71 72 89
ED 72 73 140
ED 73 74 87
ED 74 75 96
ED 75 76 114
ED 76 77 139
ED 77 78 51
ED 78 79 145
ED 79 80 83
ED 80 81 80
ED 81 82 116
ED 82 83 128
ED 83 84 64
ED 84 85 161
ED 85 86 78
ED 86 87 116
ED 87 88 108
ED 88 89 92
ED 89 90 55
ED 90 91 116
ED 91 92 77
ED 92 93 156
ED 93 94 104
ED 94 95 130
ED 95 96 44
ED 96 97 187
ED 97 98 86
ED 98 99 101
ED 99 100 87
ED 100 101 94
ED 101 102 137
ED 102 103 123
ED 103 104 77
ED 104 105 82
ED 105 106 137
ED 106 107 93
ED 107 108 116
ED 108 109 87
ED 109 110 139
ED 110 111 106
ED 111 112 117
ED 112 113 94
ED 113 114 120
ED 114 115 115
ED 115 116 104
ED 116 117 146
ED 117 118 76
ED 118 119 71
ED 119 120 127
ED 120 121 115
ED 121 122 86
ED 122 123 156
ED 123 124 103
ED 124 125 59
ED 125 126 156
ED 126 127 93
ED 127 128 97
ED 128 129 89
ED 129 130 72
ED 130 131 99
ED 131 132 129
ED 132 133 86
ED 133 134 134
ED 134 135 102
ED 135 136 132
ED 136 137 98
ED 137 138 78
ED 138 139 132
ED 139 140 118
ED 140 141 59
ED 141 142 154
ED 142 143 111
ED 143 144 82
ED 144 145 128
ED 145 146 139
ED 146 147 110
ED 147 148 90
ED 148 149 82
ED 149 150 105
ED 150 151 130
ED 151 152 116
ED 152 153 92
ED 153 154 43
ED 154 155 143
ED 155 156 53
ED 156 157 150
ED 157 158 64
ED 158 159 173
ED 159 160 91
ED 160 161 99
ED 161 162 84
ED 162 163 93
ED 163 164 93
ED 164 165 147
ED 165 166 88
ED 166 167 101
ED 167 168 96
ED 168 169 136
ED 169 170 91
ED 170 171 122
ED 171 172 81
ED 172 173 129
ED 173 174 87
ED 174 175 109
ED 175 176 92
ED 176 177 90
ED 177 178 126
ED 178 179 70
ED 179 180 138
ED 180 181 110
ED 181 182 120
ED 182 183 66
ED 183 184 143
ED 184 185 76
ED 185 186 134
ED 186 187 121
ED 187 188 38
ED 188 189 99
ED 189 190 109
ED 190 191 163
ED 191 192 31
ED 192 193 171
ED 193 194 61
ED 194 195 104
ED 195 196 125
ED 196 197 102
ED 197 198 109
ED 198 199 90
ED 199 200 100
ED 200 201 113
ED 201 202 113
ED 202 203 127
ED 203 204 104
ED 204 205 71
ED 205 206 105
ED 206 207 121
ED 207 208 112
ED 208 209 115
ED 209 210 120
ED 210 211 109
ED 211 212 108
ED 212 213 98
ED 213 214 138
ED 214 215 105
ED 215 216 71
ED 216 217 144
ED 217 218 115
ED 218 219 77
ED 219 220 120
ED 220 221 134
ED 221 222 113
ED 222 223 95
ED 223 224 122
ED 224 225 130
ED 225 226 106
ED 226 227 122
ED 227 228 42
ED 228 229 164
ED 229 230 68
ED 230 231 151
ED 231 232 37
ED 232 233 110
ED 233 234 144
ED 234 235 97
ED 235 236 106
ED 236 237 131
ED 237 238 108
ED 238 239 66
ED 239 240 119
ED 240 241 100
ED 241 242 111
ED 242 243 100
ED 243 244 117
ED 244 245 80
ED 245 246 90
ED 246 247 152
ED 247 248 97
ED 248 249 98
ED 249 250 88
ED 250 251 141
ED 251 252 65
ED 252 253 92
ED 253 254 112
ED 254 255 109
ED 255 256 157
ED 256 257 83
ED 257 258 118
ED 258 259 121
ED 259 260 80
ED 260 261 117
ED 261 262 126
ED 262 263 93
ED 263 264 42
ED 264 265 172
ED 265 266 42
ED 266 267 114
ED 267 268 88
ED 268 269 114
ED 269 270 150
ED 270 271 82
ED 271 272 76
ED 272 273 133
ED 273 274 69
ED 274 275 154
ED 275 276 56
ED 276 277 100
ED 277 278 124
ED 278 279 119
ED 279 280 117
ED 280 281 115
ED 281 282 76
ED 282 283 144
ED 283 284 66
ED 284 285 151
ED 285 286 47
ED 286 287 163
ED 287 288 113
ED 288 289 48
ED 289 290 119
ED 290 291 67
ED 291 292 116
ED 292 293 170
ED 293 294 51
ED 294 295 170
ED 295 296 90
ED 296 297 97
ED 297 298 113
ED 298 299 111
ED 299 300 57
ED 300 301 177
ED 301 302 74
ED 302 303 129
ED 303 304 39
ED 304 305 172
ED 305 306 53
ED 306 307 145
ED 307 308 53
ED 308 309 128
ED 309 310 71
ED 310 311 108
ED 311 312 124
ED 312 313 143
ED 313 314 36
ED 314 315 172
ED 315 316 86
ED 316 317 73
ED 317 318 117
ED 318 319 102
ED 319 320 82
ED 320 321 144
ED 321 322 133
ED 322 323 108
ED 323 324 79
ED 324 325 66
ED 325 326 115
ED 326 327 129
ED 327 328 122
ED 328 329 84
ED 329 330 107
ED 330 331 113
ED 331 332 105
ED 332 333 74
ED 333 334 156
ED 334 335 67
ED 335 336 97
ED 336 337 122
ED 337 338 55
ED 338 339 147
ED 339 340 80
ED 340 341 91
ED 341 342 112
ED 342 343 153
ED 343 344 86
ED 344 345 94
ED 345 346 122
ED 346 347 61
ED 347 348 129
ED 348 349 82
ED 349 350 156
ED 350 351 88
ED 351 352 122
ED 352 353 70
ED 353 354 132
ED 354 355 135
ED 355 356 57
ED 356 357 161
ED 357 358 46
ED 358 359 155
ED 359 360 110
ED 360 361 63
ED 361 362 123
ED 362 363 126
ED 363 364 91
ED 364 365 76
ED 365 366 114
ED 366 367 121
ED 367 368 69
ED 368 369 91
ED 369 370 120
ED 370 371 141
ED 371 372 91
ED 372 373 59
ED 373 374 85
ED 374 375 139
ED 375 376 99
ED 376 377 129
ED 377 378 44
ED 378 379 165
ED 379 380 115
ED 380 381 67
ED 381 382 135
ED 382 383 61
ED 383 384 125
ED 384 385 149
ED 385 386 42
ED 386 387 99
ED 387 388 132
ED 388 389 95
ED 389 390 119
ED 390 391 143
ED 391 392 32
ED 392 393 174
ED 393 394 62
ED 394 395 149
ED 395 396 53
ED 396 397 173
ED 397 398 84
ED 398 399 86
DM 1 201 1000 
ID 1 48 42 
ID 2 67 86 
ID 3 39 20 
ID 4 21 45 
ID 5 24 60 
ID 6 57 50 
ID 7 67 46 
ID 8 60 43 
ID 9 47 89 
SD 1 223
SD 2 394
DCD 1 151
DCD 2 160
DCD 3 73
DCD 4 298
OD 1 90
OD 2 254
