VC 100
EC 99
DMC 1
IC 7
SC 3
DCC 3
OC 4
NL 0
QN 1
ED 0 1 92
ED 1 2 89
ED 2 3 107
ED 3 4 141
ED 4 5 135
ED 5 6 95
ED 6 7 42
ED 7 8 149
ED 8 9 60
ED 9 10 175
ED 10 11 128
ED 11 12 36
ED 12 13 169
ED 13 14 58
ED 14 15 122
ED 15 16 51
ED 16 17 95
ED 17 18 173
ED 18 19 55
ED 19 20 91
ED 20 21 141
ED 21 22 76
ED 22 23 141
ED 23 24 70
ED 24 25 115
ED 25 26 185
ED 26 27 75
ED 27 28 88
ED 28 29 158
ED 29 30 89
ED 30 31 73
ED 31 32 108
ED 32 33 131
ED 33 34 71
ED 34 35 145
ED 35 36 87
ED 36 37 128
ED 37 38 73
ED 38 39 127
ED 39 40 78
ED 40 41 83
ED 41 42 117
ED 42 43 126
ED 43 44 140
ED 44 45 99
ED 45 46 104
ED 46 47 72
ED 47 48 118
ED 48 49 62
ED 49 50 147
ED 50 51 42
ED 51 52 133
ED 52 53 105
ED 53 54 117
ED 54 55 148
ED 55 56 41
ED 56 57 144
ED 57 58 87
ED 58 59 116
ED 59 60 118
ED 60 61 71
ED 61 62 121
ED 62 63 59
ED 63 64 109
ED 64 65 113
ED 65 66 108
ED 66 67 128
ED 67 68 124
ED 68 69 111
ED 69 70 105
ED 70 71 83
ED 71 72 91
ED 72 73 108
ED 73 74 99
ED 74 75 127
ED 75 76 80
ED 76 77 99
ED 77 78 128
ED 78 79 61
ED 79 80 133
ED 80 81 82
ED 81 82 124
ED 82 83 67
ED 83 84 158
ED 84 85 40
ED 85 86 137
ED 86 87 92
ED 87 88 144
ED 88 89 80
ED 89 90 90
ED 90 91 148
ED 91 92 108
ED 92 93 65
ED 93 94 152
ED 94 95 61
ED 95 96 138
ED 96 97 91
ED 97 98 76
ED 98 99 118
DM 1 75 1000 
ID 1 58 85 
ID 2 93 10 
ID 3 3 25 
ID 4 9 68 
ID 5 69 57 
ID 6 100 23 
ID 7 64 63 
SD 1 73
SD 2 54
SD 3 8
DCD 1 53
DCD 2 86
DCD 3 70
OD 1 65
OD 2 67
OD 3 86
OD 4 49
