VC 25
EC 56
DMC 1
IC 9
SC 2
DCC 4
OC 4
NL 0
QN 1
ED 0 5 257
ED 0 1 232
ED 1 6 173
ED 1 2 191
ED 1 5 113
ED 2 7 178
ED 2 3 209
ED 3 8 223
ED 3 4 224
ED 3 7 142
ED 4 9 203
ED 5 10 164
ED 5 6 157
ED 6 11 214
ED 6 7 206
ED 6 10 157
ED 7 12 209
ED 7 8 199
ED 7 1 186
ED 8 13 182
ED 8 9 228
ED 8 12 88
ED 9 14 156
ED 9 3 183
ED 10 15 244
ED 10 11 195
ED 11 16 226
ED 11 12 263
ED 11 15 120
ED 12 17 211
ED 12 13 198
ED 12 6 207
ED 13 18 209
ED 13 14 211
ED 13 17 204
ED 14 19 248
ED 14 8 221
ED 15 20 189
ED 15 16 192
ED 16 21 208
ED 16 17 204
ED 16 20 155
ED 17 22 187
ED 17 18 206
ED 17 11 207
ED 18 23 187
ED 18 19 167
ED 18 22 206
ED 19 24 156
ED 19 13 135
ED 20 21 229
ED 21 22 189
ED 22 23 224
ED 22 16 116
ED 23 24 237
ED 24 18 171
DM 1 22 1000 
ID 1 40 12 
ID 2 26 96 
ID 3 26 63 
ID 4 27 25 
ID 5 23 51 
ID 6 85 39 
ID 7 7 67 
ID 8 13 77 
ID 9 82 39 
SD 1 10
SD 2 10
DCD 1 18
DCD 2 19
DCD 3 2
DCD 4 25
OD 1 5
OD 2 1
OD 3 17
OD 4 10
