VC 400
EC 1121
DMC 1
IC 9
SC 3
DCC 2
OC 2
NL 0
QN 1
ED 0 20 218
ED 0 1 232
ED 1 21 212
ED 1 2 226
ED 1 20 136
ED 2 22 166
ED 2 3 141
ED 3 23 212
ED 3 4 183
ED 3 22 203
ED 4 24 145
ED 4 5 174
ED 5 25 191
ED 5 6 224
ED 5 24 132
ED 6 26 235
ED 6 7 198
ED 7 27 225
ED 7 8 224
ED 7 26 145
ED 8 28 225
ED 8 9 253
ED 9 29 188
ED 9 10 190
ED 9 28 179
ED 10 30 195
ED 10 11 184
ED 11 31 240
ED 11 12 266
ED 11 30 132
ED 12 32 205
ED 12 13 171
ED 13 33 213
ED 13 14 165
ED 13 32 147
ED 14 34 227
ED 14 15 186
ED 15 35 261
ED 15 16 225
ED 15 34 152
ED 16 36 179
ED 16 17 207
ED 17 37 216
ED 17 18 170
ED 17 36 193
ED 18 38 223
ED 18 19 297
ED 19 39 202
ED 19 38 179
ED 20 40 246
ED 20 21 225
ED 21 41 200
ED 21 22 236
ED 21 40 180
ED 22 42 194
ED 22 23 221
ED 22 1 134
ED 23 43 239
ED 23 24 187
ED 23 42 170
ED 24 44 248
ED 24 25 243
ED 24 3 160
ED 25 45 188
ED 25 26 225
ED 25 44 126
ED 26 46 194
ED 26 27 190
ED 26 5 207
ED 27 47 209
ED 27 28 210
ED 27 46 199
ED 28 48 189
ED 28 29 205
ED 28 7 193
ED 29 49 231
ED 29 30 165
ED 29 48 229
ED 30 50 204
ED 30 31 265
ED 30 9 111
ED 31 51 193
ED 31 32 247
ED 31 50 180
ED 32 52 262
ED 32 33 206
ED 32 11 209
ED 33 53 234
ED 33 34 177
ED 33 52 245
ED 34 54 193
ED 34 35 192
ED 34 13 223
ED 35 55 138
ED 35 36 245
ED 35 54 145
ED 36 56 238
ED 36 37 242
ED 36 15 172
ED 37 57 224
ED 37 38 191
ED 37 56 213
ED 38 58 240
ED 38 39 222
ED 38 17 139
ED 39 59 148
ED 39 58 104
ED 40 60 214
ED 40 41 245
ED 41 61 154
ED 41 42 252
ED 41 60 135
ED 42 62 214
ED 42 43 208
ED 42 21 181
ED 43 63 219
ED 43 44 230
ED 43 62 164
ED 44 64 149
ED 44 45 183
ED 44 23 202
ED 45 65 214
ED 45 46 189
ED 45 64 183
ED 46 66 192
ED 46 47 225
ED 46 25 160
ED 47 67 198
ED 47 48 206
ED 47 66 176
ED 48 68 209
ED 48 49 248
ED 48 27 82
ED 49 69 200
ED 49 50 204
ED 49 68 187
ED 50 70 192
ED 50 51 281
ED 50 29 114
ED 51 71 197
ED 51 52 145
ED 51 70 198
ED 52 72 202
ED 52 53 220
ED 52 31 124
ED 53 73 235
ED 53 54 208
ED 53 72 192
ED 54 74 167
ED 54 55 140
ED 54 33 177
ED 55 75 207
ED 55 56 171
ED 55 74 173
ED 56 76 189
ED 56 57 230
ED 56 35 113
ED 57 77 199
ED 57 58 229
ED 57 76 126
ED 58 78 147
ED 58 59 175
ED 58 37 188
ED 59 79 214
ED 59 78 212
ED 60 80 143
ED 60 61 169
ED 61 81 202
ED 61 62 182
ED 61 80 147
ED 62 82 163
ED 62 63 228
ED 62 41 134
ED 63 83 209
ED 63 64 249
ED 63 82 123
ED 64 84 257
ED 64 65 249
ED 64 43 137
ED 65 85 178
ED 65 66 246
ED 65 84 119
ED 66 86 204
ED 66 67 196
ED 66 45 166
ED 67 87 202
ED 67 68 208
ED 67 86 209
ED 68 88 209
ED 68 69 263
ED 68 47 86
ED 69 89 185
ED 69 70 198
ED 69 88 211
ED 70 90 208
ED 70 71 218
ED 70 49 143
ED 71 91 202
ED 71 72 201
ED 71 90 116
ED 72 92 162
ED 72 73 184
ED 72 51 124
ED 73 93 195
ED 73 74 258
ED 73 92 106
ED 74 94 238
ED 74 75 237
ED 74 53 120
ED 75 95 258
ED 75 76 189
ED 75 94 201
ED 76 96 194
ED 76 77 220
ED 76 55 202
ED 77 97 151
ED 77 78 222
ED 77 96 185
ED 78 98 239
ED 78 79 236
ED 78 57 143
ED 79 99 222
ED 79 98 215
ED 80 100 229
ED 80 81 200
ED 81 101 171
ED 81 82 247
ED 81 100 158
ED 82 102 202
ED 82 83 269
ED 82 61 155
ED 83 103 161
ED 83 84 203
ED 83 102 190
ED 84 104 221
ED 84 85 181
ED 84 63 180
ED 85 105 185
ED 85 86 174
ED 85 104 183
ED 86 106 210
ED 86 87 209
ED 86 65 146
ED 87 107 202
ED 87 88 231
ED 87 106 110
ED 88 108 231
ED 88 89 244
ED 88 67 120
ED 89 109 259
ED 89 90 186
ED 89 108 245
ED 90 110 212
ED 90 91 232
ED 90 69 129
ED 91 111 235
ED 91 92 200
ED 91 110 183
ED 92 112 195
ED 92 93 240
ED 92 71 195
ED 93 113 178
ED 93 94 180
ED 93 112 211
ED 94 114 184
ED 94 95 218
ED 94 73 196
ED 95 115 205
ED 95 96 222
ED 95 114 134
ED 96 116 217
ED 96 97 200
ED 96 75 121
ED 97 117 269
ED 97 98 164
ED 97 116 178
ED 98 118 171
ED 98 99 241
ED 98 77 117
ED 99 119 222
ED 99 118 129
ED 100 120 163
ED 100 101 174
ED 101 121 219
ED 101 102 209
ED 101 120 182
ED 102 122 266
ED 102 103 249
ED 102 81 151
ED 103 123 187
ED 103 104 149
ED 103 122 174
ED 104 124 180
ED 104 105 219
ED 104 83 121
ED 105 125 249
ED 105 106 178
ED 105 124 179
ED 106 126 214
ED 106 107 173
ED 106 85 197
ED 107 127 217
ED 107 108 190
ED 107 126 156
ED 108 128 178
ED 108 109 250
ED 108 87 156
ED 109 129 159
ED 109 110 229
ED 109 128 153
ED 110 130 219
ED 110 111 254
ED 110 89 123
ED 111 131 131
ED 111 112 223
ED 111 130 117
ED 112 132 235
ED 112 113 197
ED 112 91 127
ED 113 133 183
ED 113 114 236
ED 113 132 186
ED 114 134 230
ED 114 115 205
ED 114 93 146
ED 115 135 137
ED 115 116 224
ED 115 134 163
ED 116 136 241
ED 116 117 235
ED 116 95 116
ED 117 137 195
ED 117 118 293
ED 117 136 135
ED 118 138 242
ED 118 119 218
ED 118 97 213
ED 119 139 164
ED 119 138 164
ED 120 140 230
ED 120 121 251
ED 121 141 247
ED 121 122 189
ED 121 140 140
ED 122 142 161
ED 122 123 131
ED 122 101 217
ED 123 143 214
ED 123 124 233
ED 123 142 123
ED 124 144 191
ED 124 125 218
ED 124 103 176
ED 125 145 204
ED 125 126 186
ED 125 144 193
ED 126 146 137
ED 126 127 206
ED 126 105 146
ED 127 147 186
ED 127 128 246
ED 127 146 135
ED 128 148 192
ED 128 129 193
ED 128 107 176
ED 129 149 204
ED 129 130 245
ED 129 148 164
ED 130 150 167
ED 130 131 171
ED 130 109 185
ED 131 151 263
ED 131 132 130
ED 131 150 186
ED 132 152 199
ED 132 133 185
ED 132 111 132
ED 133 153 265
ED 133 134 164
ED 133 152 197
ED 134 154 167
ED 134 135 177
ED 134 113 184
ED 135 155 219
ED 135 136 181
ED 135 154 174
ED 136 156 196
ED 136 137 214
ED 136 115 175
ED 137 157 167
ED 137 138 187
ED 137 156 173
ED 138 158 211
ED 138 139 257
ED 138 117 132
ED 139 159 196
ED 139 158 217
ED 140 160 246
ED 140 141 207
ED 141 161 208
ED 141 142 267
ED 141 160 136
ED 142 162 246
ED 142 143 177
ED 142 121 170
ED 143 163 253
ED 143 144 203
ED 143 162 134
ED 144 164 231
ED 144 145 221
ED 144 123 185
ED 145 165 145
ED 145 146 273
ED 145 164 133
ED 146 166 260
ED 146 147 264
ED 146 125 126
ED 147 167 148
ED 147 148 191
ED 147 166 205
ED 148 168 255
ED 148 149 226
ED 148 127 140
ED 149 169 169
ED 149 150 233
ED 149 168 170
ED 150 170 240
ED 150 151 265
ED 150 129 162
ED 151 171 190
ED 151 152 196
ED 151 170 154
ED 152 172 181
ED 152 153 241
ED 152 131 168
ED 153 173 153
ED 153 154 206
ED 153 172 197
ED 154 174 228
ED 154 155 198
ED 154 133 166
ED 155 175 180
ED 155 156 208
ED 155 174 177
ED 156 176 194
ED 156 157 185
ED 156 135 210
ED 157 177 226
ED 157 158 171
ED 157 176 225
ED 158 178 218
ED 158 159 216
ED 158 137 119
ED 159 179 236
ED 159 178 211
ED 160 180 192
ED 160 161 197
ED 161 181 159
ED 161 162 255
ED 161 180 111
ED 162 182 203
ED 162 163 198
ED 162 141 225
ED 163 183 128
ED 163 164 192
ED 163 182 205
ED 164 184 197
ED 164 165 187
ED 164 143 204
ED 165 185 205
ED 165 166 147
ED 165 184 216
ED 166 186 157
ED 166 167 197
ED 166 145 180
ED 167 187 236
ED 167 168 138
ED 167 186 160
ED 168 188 160
ED 168 169 166
ED 168 147 140
ED 169 189 246
ED 169 170 185
ED 169 188 140
ED 170 190 182
ED 170 171 224
ED 170 149 174
ED 171 191 200
ED 171 172 201
ED 171 190 176
ED 172 192 225
ED 172 173 186
ED 172 151 144
ED 173 193 248
ED 173 174 167
ED 173 192 159
ED 174 194 174
ED 174 175 175
ED 174 153 106
ED 175 195 201
ED 175 176 159
ED 175 194 192
ED 176 196 178
ED 176 177 223
ED 176 155 155
ED 177 197 177
ED 177 178 205
ED 177 196 170
ED 178 198 197
ED 178 179 165
ED 178 157 155
ED 179 199 199
ED 179 198 124
ED 180 200 152
ED 180 181 147
ED 181 201 187
ED 181 182 194
ED 181 200 89
ED 182 202 214
ED 182 183 227
ED 182 161 154
ED 183 203 254
ED 183 184 129
ED 183 202 211
ED 184 204 175
ED 184 185 211
ED 184 163 127
ED 185 205 261
ED 185 186 201
ED 185 204 242
ED 186 206 209
ED 186 187 220
ED 186 165 177
ED 187 207 178
ED 187 188 208
ED 187 206 178
ED 188 208 172
ED 188 189 204
ED 188 167 186
ED 189 209 210
ED 189 190 208
ED 189 208 142
ED 190 210 204
ED 190 191 253
ED 190 169 154
ED 191 211 159
ED 191 192 213
ED 191 210 201
ED 192 212 175
ED 192 193 168
ED 192 171 188
ED 193 213 197
ED 193 194 212
ED 193 212 160
ED 194 214 213
ED 194 195 234
ED 194 173 135
ED 195 215 271
ED 195 196 157
ED 195 214 167
ED 196 216 200
ED 196 197 192
ED 196 175 162
ED 197 217 191
ED 197 198 234
ED 197 216 163
ED 198 218 159
ED 198 199 151
ED 198 177 189
ED 199 219 194
ED 199 218 138
ED 200 220 252
ED 200 201 205
ED 201 221 266
ED 201 202 158
ED 201 220 196
ED 202 222 202
ED 202 203 201
ED 202 181 228
ED 203 223 197
ED 203 204 177
ED 203 222 225
ED 204 224 218
ED 204 205 269
ED 204 183 120
ED 205 225 211
ED 205 206 239
ED 205 224 209
ED 206 226 183
ED 206 207 156
ED 206 185 148
ED 207 227 246
ED 207 208 244
ED 207 226 140
ED 208 228 214
ED 208 209 224
ED 208 187 137
ED 209 229 149
ED 209 210 220
ED 209 228 110
ED 210 230 245
ED 210 211 236
ED 210 189 107
ED 211 231 243
ED 211 212 170
ED 211 230 187
ED 212 232 204
ED 212 213 238
ED 212 191 120
ED 213 233 188
ED 213 214 237
ED 213 232 170
ED 214 234 229
ED 214 215 199
ED 214 193 188
ED 215 235 208
ED 215 216 230
ED 215 234 101
ED 216 236 213
ED 216 217 210
ED 216 195 126
ED 217 237 223
ED 217 218 209
ED 217 236 186
ED 218 238 237
ED 218 219 217
ED 218 197 171
ED 219 239 209
ED 219 238 180
ED 220 240 171
ED 220 221 208
ED 221 241 146
ED 221 222 180
ED 221 240 142
ED 222 242 135
ED 222 223 229
ED 222 201 144
ED 223 243 154
ED 223 224 170
ED 223 242 174
ED 224 244 200
ED 224 225 217
ED 224 203 100
ED 225 245 210
ED 225 226 281
ED 225 244 150
ED 226 246 224
ED 226 227 252
ED 226 205 131
ED 227 247 211
ED 227 228 213
ED 227 246 201
ED 228 248 189
ED 228 229 177
ED 228 207 215
ED 229 249 264
ED 229 230 188
ED 229 248 148
ED 230 250 195
ED 230 231 194
ED 230 209 192
ED 231 251 186
ED 231 232 212
ED 231 250 197
ED 232 252 195
ED 232 233 205
ED 232 211 152
ED 233 253 182
ED 233 234 232
ED 233 252 127
ED 234 254 217
ED 234 235 178
ED 234 213 185
ED 235 255 141
ED 235 236 228
ED 235 254 142
ED 236 256 231
ED 236 237 218
ED 236 215 148
ED 237 257 238
ED 237 238 183
ED 237 256 163
ED 238 258 210
ED 238 239 220
ED 238 217 159
ED 239 259 171
ED 239 258 185
ED 240 260 228
ED 240 241 204
ED 241 261 225
ED 241 242 190
ED 241 260 221
ED 242 262 212
ED 242 243 240
ED 242 221 123
ED 243 263 222
ED 243 244 124
ED 243 262 207
ED 244 264 169
ED 244 245 271
ED 244 223 122
ED 245 265 188
ED 245 246 206
ED 245 264 168
ED 246 266 233
ED 246 247 229
ED 246 225 178
ED 247 267 163
ED 247 248 236
ED 247 266 185
ED 248 268 205
ED 248 249 246
ED 248 227 123
ED 249 269 197
ED 249 250 199
ED 249 268 119
ED 250 270 164
ED 250 251 212
ED 250 229 162
ED 251 271 181
ED 251 252 240
ED 251 270 166
ED 252 272 229
ED 252 253 188
ED 252 231 168
ED 253 273 233
ED 253 254 166
ED 253 272 175
ED 254 274 138
ED 254 255 187
ED 254 233 175
ED 255 275 233
ED 255 256 164
ED 255 274 144
ED 256 276 166
ED 256 257 232
ED 256 235 188
ED 257 277 133
ED 257 258 178
ED 257 276 207
ED 258 278 184
ED 258 259 227
ED 258 237 154
ED 259 279 265
ED 259 278 218
ED 260 280 185
ED 260 261 183
ED 261 281 183
ED 261 262 229
ED 261 280 149
ED 262 282 197
ED 262 263 239
ED 262 241 114
ED 263 283 252
ED 263 264 215
ED 263 282 202
ED 264 284 240
ED 264 265 202
ED 264 243 158
ED 265 285 207
ED 265 266 202
ED 265 284 140
ED 266 286 172
ED 266 267 199
ED 266 245 109
ED 267 287 223
ED 267 268 209
ED 267 286 210
ED 268 288 201
ED 268 269 241
ED 268 247 165
ED 269 289 187
ED 269 270 217
ED 269 288 196
ED 270 290 256
ED 270 271 254
ED 270 249 130
ED 271 291 253
ED 271 272 157
ED 271 290 181
ED 272 292 173
ED 272 273 182
ED 272 251 188
ED 273 293 147
ED 273 274 277
ED 273 292 99
ED 274 294 210
ED 274 275 195
ED 274 253 177
ED 275 295 217
ED 275 276 222
ED 275 294 115
ED 276 296 182
ED 276 277 200
ED 276 255 145
ED 277 297 201
ED 277 278 167
ED 277 296 131
ED 278 298 202
ED 278 279 249
ED 278 257 102
ED 279 299 176
ED 279 298 151
ED 280 300 159
ED 280 281 199
ED 281 301 225
ED 281 282 191
ED 281 300 151
ED 282 302 188
ED 282 283 265
ED 282 261 150
ED 283 303 120
ED 283 284 232
ED 283 302 146
ED 284 304 198
ED 284 285 227
ED 284 263 162
ED 285 305 201
ED 285 286 172
ED 285 304 234
ED 286 306 183
ED 286 287 221
ED 286 265 151
ED 287 307 183
ED 287 288 208
ED 287 306 145
ED 288 308 231
ED 288 289 270
ED 288 267 110
ED 289 309 146
ED 289 290 221
ED 289 308 190
ED 290 310 152
ED 290 291 200
ED 290 269 185
ED 291 311 164
ED 291 292 239
ED 291 310 176
ED 292 312 163
ED 292 293 156
ED 292 271 166
ED 293 313 210
ED 293 294 210
ED 293 312 129
ED 294 314 217
ED 294 295 221
ED 294 273 180
ED 295 315 183
ED 295 296 284
ED 295 314 109
ED 296 316 211
ED 296 297 157
ED 296 275 227
ED 297 317 250
ED 297 298 220
ED 297 316 171
ED 298 318 178
ED 298 299 206
ED 298 277 193
ED 299 319 199
ED 299 318 147
ED 300 320 269
ED 300 301 241
ED 301 321 184
ED 301 302 227
ED 301 320 215
ED 302 322 205
ED 302 303 199
ED 302 281 146
ED 303 323 267
ED 303 304 157
ED 303 322 167
ED 304 324 219
ED 304 305 255
ED 304 283 132
ED 305 325 190
ED 305 306 213
ED 305 324 194
ED 306 326 189
ED 306 307 191
ED 306 285 118
ED 307 327 213
ED 307 308 180
ED 307 326 162
ED 308 328 211
ED 308 309 192
ED 308 287 136
ED 309 329 243
ED 309 310 209
ED 309 328 181
ED 310 330 228
ED 310 311 204
ED 310 289 145
ED 311 331 194
ED 311 312 259
ED 311 330 151
ED 312 332 206
ED 312 313 202
ED 312 291 147
ED 313 333 255
ED 313 314 221
ED 313 332 175
ED 314 334 187
ED 314 315 206
ED 314 293 206
ED 315 335 239
ED 315 316 195
ED 315 334 203
ED 316 336 252
ED 316 317 249
ED 316 295 136
ED 317 337 215
ED 317 318 255
ED 317 336 129
ED 318 338 265
ED 318 319 209
ED 318 297 210
ED 319 339 220
ED 319 338 186
ED 320 340 189
ED 320 321 247
ED 321 341 224
ED 321 322 187
ED 321 340 231
ED 322 342 195
ED 322 323 242
ED 322 301 118
ED 323 343 218
ED 323 324 233
ED 323 342 135
ED 324 344 188
ED 324 325 200
ED 324 303 211
ED 325 345 232
ED 325 326 206
ED 325 344 199
ED 326 346 273
ED 326 327 259
ED 326 305 101
ED 327 347 209
ED 327 328 154
ED 327 346 192
ED 328 348 185
ED 328 329 244
ED 328 307 170
ED 329 349 240
ED 329 330 169
ED 329 348 163
ED 330 350 218
ED 330 331 195
ED 330 309 198
ED 331 351 237
ED 331 332 207
ED 331 350 184
ED 332 352 217
ED 332 333 263
ED 332 311 146
ED 333 353 192
ED 333 334 248
ED 333 352 133
ED 334 354 195
ED 334 335 240
ED 334 313 142
ED 335 355 185
ED 335 336 262
ED 335 354 74
ED 336 356 152
ED 336 337 200
ED 336 315 165
ED 337 357 195
ED 337 338 184
ED 337 356 148
ED 338 358 167
ED 338 339 208
ED 338 317 175
ED 339 359 194
ED 339 358 139
ED 340 360 147
ED 340 341 242
ED 341 361 159
ED 341 342 218
ED 341 360 172
ED 342 362 281
ED 342 343 293
ED 342 321 93
ED 343 363 139
ED 343 344 191
ED 343 362 174
ED 344 364 201
ED 344 345 255
ED 344 323 177
ED 345 365 187
ED 345 346 194
ED 345 364 184
ED 346 366 161
ED 346 347 146
ED 346 325 184
ED 347 367 246
ED 347 348 245
ED 347 366 136
ED 348 368 244
ED 348 349 211
ED 348 327 159
ED 349 369 143
ED 349 350 217
ED 349 368 132
ED 350 370 137
ED 350 351 182
ED 350 329 136
ED 351 371 163
ED 351 352 259
ED 351 370 130
ED 352 372 188
ED 352 353 251
ED 352 331 152
ED 353 373 151
ED 353 354 270
ED 353 372 129
ED 354 374 257
ED 354 355 214
ED 354 333 213
ED 355 375 182
ED 355 356 262
ED 355 374 107
ED 356 376 244
ED 356 357 225
ED 356 335 192
ED 357 377 222
ED 357 358 252
ED 357 376 117
ED 358 378 193
ED 358 359 197
ED 358 337 172
ED 359 379 147
ED 359 378 148
ED 360 380 266
ED 360 361 198
ED 361 381 258
ED 361 362 188
ED 361 380 160
ED 362 382 121
ED 362 363 178
ED 362 341 161
ED 363 383 250
ED 363 364 162
ED 363 382 178
ED 364 384 152
ED 364 365 188
ED 364 343 135
ED 365 385 178
ED 365 366 238
ED 365 384 154
ED 366 386 206
ED 366 367 203
ED 366 345 132
ED 367 387 194
ED 367 368 249
ED 367 386 149
ED 368 388 201
ED 368 369 128
ED 368 347 204
ED 369 389 259
ED 369 370 229
ED 369 388 185
ED 370 390 272
ED 370 371 209
ED 370 349 150
ED 371 391 182
ED 371 372 275
ED 371 390 173
ED 372 392 253
ED 372 373 211
ED 372 351 220
ED 373 393 197
ED 373 374 186
ED 373 392 205
ED 374 394 205
ED 374 375 146
ED 374 353 182
ED 375 395 232
ED 375 376 237
ED 375 394 120
ED 376 396 177
ED 376 377 217
ED 376 355 198
ED 377 397 144
ED 377 378 235
ED 377 396 154
ED 378 398 211
ED 378 379 180
ED 378 357 183
ED 379 399 225
ED 379 398 201
ED 380 381 202
ED 381 382 237
ED 382 383 241
ED 382 361 171
ED 383 384 243
ED 384 385 257
ED 384 363 117
ED 385 386 150
ED 386 387 234
ED 386 365 136
ED 387 388 202
ED 388 389 236
ED 388 367 158
ED 389 390 187
ED 390 391 198
ED 390 369 204
ED 391 392 161
ED 392 393 164
ED 392 371 203
ED 393 394 217
ED 394 395 183
ED 394 373 186
ED 395 396 243
ED 396 397 185
ED 396 375 188
ED 397 398 185
ED 398 399 225
ED 398 377 121
DM 1 152 1000 
ID 1 26 78 
ID 2 92 63 
ID 3 54 65 
ID 4 19 81 
ID 5 45 17 
ID 6 32 65 
ID 7 13 44 
ID 8 99 37 
ID 9 61 40 
SD 1 108
SD 2 361
SD 3 88
DCD 1 331
DCD 2 311
OD 1 307
OD 2 183
