VC 100
EC 261
DMC 1
IC 9
SC 3
DCC 4
OC 3
NL 0
QN 1
ED 0 10 198
ED 0 1 167
ED 1 11 206
ED 1 2 227
ED 1 10 141
ED 2 12 201
ED 2 3 171
ED 3 13 168
ED 3 4 234
ED 3 12 183
ED 4 14 186
ED 4 5 188
ED 5 15 232
ED 5 6 209
ED 5 14 141
ED 6 16 206
ED 6 7 198
ED 7 17 149
ED 7 8 244
ED 7 16 160
ED 8 18 166
ED 8 9 219
ED 9 19 202
ED 9 18 122
ED 10 20 168
ED 10 11 183
ED 11 21 179
ED 11 12 198
ED 11 20 112
ED 12 22 213
ED 12 13 201
ED 12 1 157
ED 13 23 270
ED 13 14 190
ED 13 22 217
ED 14 24 219
ED 14 15 245
ED 14 3 151
ED 15 25 165
ED 15 16 203
ED 15 24 125
ED 16 26 153
ED 16 17 222
ED 16 5 162
ED 17 27 233
ED 17 18 207
ED 17 26 158
ED 18 28 266
ED 18 19 245
ED 18 7 198
ED 19 29 167
ED 19 28 187
ED 20 30 227
ED 20 21 180
ED 21 31 183
ED 21 22 176
ED 21 30 170
ED 22 32 134
ED 22 23 208
ED 22 11 157
ED 23 33 158
ED 23 24 256
ED 23 32 168
ED 24 34 225
ED 24 25 193
ED 24 13 167
ED 25 35 177
ED 25 26 255
ED 25 34 177
ED 26 36 200
ED 26 27 195
ED 26 15 191
ED 27 37 236
ED 27 28 200
ED 27 36 86
ED 28 38 160
ED 28 29 206
ED 28 17 160
ED 29 39 192
ED 29 38 181
ED 30 40 220
ED 30 31 165
ED 31 41 239
ED 31 32 212
ED 31 40 142
ED 32 42 260
ED 32 33 259
ED 32 21 124
ED 33 43 196
ED 33 34 160
ED 33 42 180
ED 34 44 230
ED 34 35 231
ED 34 23 141
ED 35 45 267
ED 35 36 203
ED 35 44 244
ED 36 46 223
ED 36 37 244
ED 36 25 198
ED 37 47 143
ED 37 38 217
ED 37 46 130
ED 38 48 231
ED 38 39 200
ED 38 27 180
ED 39 49 247
ED 39 48 132
ED 40 50 130
ED 40 41 178
ED 41 51 208
ED 41 42 195
ED 41 50 137
ED 42 52 177
ED 42 43 175
ED 42 31 210
ED 43 53 250
ED 43 44 153
ED 43 52 142
ED 44 54 187
ED 44 45 245
ED 44 33 154
ED 45 55 170
ED 45 46 235
ED 45 54 190
ED 46 56 209
ED 46 47 199
ED 46 35 168
ED 47 57 204
ED 47 48 173
ED 47 56 189
ED 48 58 205
ED 48 49 199
ED 48 37 178
ED 49 59 157
ED 49 58 134
ED 50 60 248
ED 50 51 233
ED 51 61 141
ED 51 52 239
ED 51 60 168
ED 52 62 225
ED 52 53 201
ED 52 41 162
ED 53 63 180
ED 53 54 230
ED 53 62 166
ED 54 64 166
ED 54 55 174
ED 54 43 178
ED 55 65 203
ED 55 56 227
ED 55 64 108
ED 56 66 193
ED 56 57 157
ED 56 45 133
ED 57 67 207
ED 57 58 219
ED 57 66 130
ED 58 68 194
ED 58 59 133
ED 58 47 183
ED 59 69 236
ED 59 68 167
ED 60 70 207
ED 60 61 197
ED 61 71 207
ED 61 62 132
ED 61 70 234
ED 62 72 204
ED 62 63 214
ED 62 51 116
ED 63 73 217
ED 63 64 272
ED 63 72 105
ED 64 74 199
ED 64 65 204
ED 64 53 213
ED 65 75 176
ED 65 66 202
ED 65 74 207
ED 66 76 201
ED 66 67 194
ED 66 55 196
ED 67 77 197
ED 67 68 133
ED 67 76 182
ED 68 78 190
ED 68 69 235
ED 68 57 171
ED 69 79 173
ED 69 78 141
ED 70 80 222
ED 70 71 195
ED 71 81 269
ED 71 72 224
ED 71 80 147
ED 72 82 180
ED 72 73 184
ED 72 61 192
ED 73 83 181
ED 73 74 253
ED 73 82 152
ED 74 84 222
ED 74 75 226
ED 74 63 154
ED 75 85 197
ED 75 76 191
ED 75 84 200
ED 76 86 230
ED 76 77 179
ED 76 65 143
ED 77 87 241
ED 77 78 189
ED 77 86 212
ED 78 88 204
ED 78 79 210
ED 78 67 154
ED 79 89 195
ED 79 88 204
ED 80 90 196
ED 80 81 191
ED 81 91 139
ED 81 82 233
ED 81 90 154
ED 82 92 199
ED 82 83 269
ED 82 71 145
ED 83 93 219
ED 83 84 183
ED 83 92 175
ED 84 94 169
ED 84 85 170
ED 84 73 169
ED 85 95 245
ED 85 86 173
ED 85 94 112
ED 86 96 167
ED 86 87 227
ED 86 75 154
ED 87 97 217
ED 87 88 184
ED 87 96 170
ED 88 98 194
ED 88 89 259
ED 88 77 145
ED 89 99 200
ED 89 98 155
ED 90 91 204
ED 91 92 184
ED 92 93 231
ED 92 81 145
ED 93 94 276
ED 94 95 208
ED 94 83 153
ED 95 96 236
ED 96 97 258
ED 96 85 191
ED 97 98 246
ED 98 99 209
ED 98 87 182
DM 1 76 1000 
ID 1 22 77 
ID 2 16 20 
ID 3 31 65 
ID 4 87 16 
ID 5 94 11 
ID 6 84 71 
ID 7 63 36 
ID 8 84 6 
ID 9 8 64 
SD 1 33
SD 2 29
SD 3 97
DCD 1 19
DCD 2 50
DCD 3 22
DCD 4 69
OD 1 94
OD 2 81
OD 3 33
