VC 100
EC 99
DMC 1
IC 10
SC 4
DCC 3
OC 3
NL 0
QN 1
ED 0 1 102
ED 1 2 159
ED 2 3 78
ED 3 4 91
ED 4 5 92
ED 5 6 119
ED 6 7 126
ED 7 8 64
ED 8 9 142
ED 9 10 63
ED 10 11 119
ED 11 12 87
ED 12 13 121
ED 13 14 108
ED 14 15 88
ED 15 16 162
ED 16 17 84
ED 17 18 46
ED 18 19 149
ED 19 20 102
ED 20 21 59
ED 21 22 143
ED 22 23 64
ED 23 24 157
ED 24 25 107
ED 25 26 86
ED 26 27 124
ED 27 28 68
ED 28 29 142
ED 29 30 82
ED 30 31 128
ED 31 32 63
ED 32 33 128
ED 33 34 114
ED 34 35 79
ED 35 36 127
ED 36 37 125
ED 37 38 56
ED 38 39 89
ED 39 40 156
ED 40 41 56
ED 41 42 107
ED 42 43 136
ED 43 44 52
ED 44 45 106
ED 45 46 111
ED 46 47 112
ED 47 48 134
ED 48 49 148
ED 49 50 72
ED 50 51 128
ED 51 52 108
ED 52 53 107
ED 53 54 118
ED 54 55 75
ED 55 56 93
ED 56 57 112
ED 57 58 155
ED 58 59 47
ED 59 60 99
ED 60 61 123
ED 61 62 120
ED 62 63 84
ED 63 64 141
ED 64 65 90
ED 65 66 140
ED 66 67 107
ED 67 68 92
ED 68 69 117
ED 69 70 75
ED 70 71 152
ED 71 72 67
ED 72 73 96
ED 73 74 122
ED 74 75 106
ED 75 76 78
ED 76 77 84
ED 77 78 121
ED 78 79 121
ED 79 80 141
ED 80 81 61
ED 81 82 139
ED 82 83 124
ED 83 84 99
ED 84 85 83
ED 85 86 59
ED 86 87 135
ED 87 88 133
ED 88 89 48
ED 89 90 112
ED 90 91 119
ED 91 92 105
ED 92 93 126
ED 93 94 107
ED 94 95 100
ED 95 96 72
ED 96 97 105
ED 97 98 100
ED 98 99 104
DM 1 88 1000 
ID 1 36 18 
ID 2 88 6 
ID 3 75 23 
ID 4 59 40 
ID 5 75 32 
ID 6 88 73 
ID 7 6 76 
ID 8 67 12 
ID 9 88 11 
ID 10 19 18 
SD 1 5
SD 2 24
SD 3 97
SD 4 10
DCD 1 44
DCD 2 84
DCD 3 13
OD 1 18
OD 2 83
OD 3 88
