VC 400
EC 1121
DMC 1
IC 8
SC 3
DCC 3
OC 3
NL 0
QN 1
ED 0 20 189
ED 0 1 172
ED 1 21 214
ED 1 2 187
ED 1 20 203
ED 2 22 215
ED 2 3 165
ED 3 23 194
ED 3 4 161
ED 3 22 203
ED 4 24 168
ED 4 5 181
ED 5 25 143
ED 5 6 248
ED 5 24 92
ED 6 26 242
ED 6 7 192
ED 7 27 246
ED 7 8 214
ED 7 26 176
ED 8 28 181
ED 8 9 176
ED 9 29 206
ED 9 10 155
ED 9 28 184
ED 10 30 248
ED 10 11 218
ED 11 31 203
ED 11 12 207
ED 11 30 172
ED 12 32 246
ED 12 13 244
ED 13 33 194
ED 13 14 207
ED 13 32 134
ED 14 34 192
ED 14 15 211
ED 15 35 239
ED 15 16 219
ED 15 34 144
ED 16 36 178
ED 16 17 215
ED 17 37 143
ED 17 18 254
ED 17 36 150
ED 18 38 260
ED 18 19 220
ED 19 39 180
ED 19 38 166
ED 20 40 244
ED 20 21 244
ED 21 41 196
ED 21 22 152
ED 21 40 190
ED 22 42 189
ED 22 23 180
ED 22 1 156
ED 23 43 224
ED 23 24 229
ED 23 42 142
ED 24 44 170
ED 24 25 144
ED 24 3 204
ED 25 45 257
ED 25 26 198
ED 25 44 111
ED 26 46 139
ED 26 27 207
ED 26 5 209
ED 27 47 150
ED 27 28 215
ED 27 46 136
ED 28 48 163
ED 28 29 162
ED 28 7 197
ED 29 49 255
ED 29 30 179
ED 29 48 118
ED 30 50 190
ED 30 31 193
ED 30 9 157
ED 31 51 216
ED 31 32 192
ED 31 50 209
ED 32 52 157
ED 32 33 175
ED 32 11 216
ED 33 53 191
ED 33 34 237
ED 33 52 136
ED 34 54 245
ED 34 35 219
ED 34 13 158
ED 35 55 147
ED 35 36 257
ED 35 54 153
ED 36 56 175
ED 36 37 184
ED 36 15 216
ED 37 57 209
ED 37 38 146
ED 37 56 185
ED 38 58 163
ED 38 39 171
ED 38 17 113
ED 39 59 191
ED 39 58 137
ED 40 60 202
ED 40 41 223
ED 41 61 203
ED 41 42 172
ED 41 60 183
ED 42 62 218
ED 42 43 175
ED 42 21 179
ED 43 63 196
ED 43 44 255
ED 43 62 184
ED 44 64 254
ED 44 45 240
ED 44 23 215
ED 45 65 186
ED 45 46 243
ED 45 64 168
ED 46 66 265
ED 46 47 203
ED 46 25 224
ED 47 67 204
ED 47 48 202
ED 47 66 198
ED 48 68 250
ED 48 49 256
ED 48 27 153
ED 49 69 209
ED 49 50 174
ED 49 68 200
ED 50 70 171
ED 50 51 212
ED 50 29 172
ED 51 71 201
ED 51 52 225
ED 51 70 192
ED 52 72 193
ED 52 53 233
ED 52 31 150
ED 53 73 227
ED 53 54 166
ED 53 72 152
ED 54 74 216
ED 54 55 149
ED 54 33 165
ED 55 75 223
ED 55 56 222
ED 55 74 157
ED 56 76 218
ED 56 57 192
ED 56 35 168
ED 57 77 254
ED 57 58 217
ED 57 76 102
ED 58 78 182
ED 58 59 219
ED 58 37 133
ED 59 79 195
ED 59 78 201
ED 60 80 196
ED 60 61 154
ED 61 81 224
ED 61 62 158
ED 61 80 149
ED 62 82 197
ED 62 63 243
ED 62 41 127
ED 63 83 217
ED 63 64 166
ED 63 82 243
ED 64 84 207
ED 64 65 146
ED 64 43 210
ED 65 85 179
ED 65 66 234
ED 65 84 152
ED 66 86 199
ED 66 67 131
ED 66 45 171
ED 67 87 254
ED 67 68 177
ED 67 86 193
ED 68 88 207
ED 68 69 223
ED 68 47 146
ED 69 89 187
ED 69 70 219
ED 69 88 177
ED 70 90 247
ED 70 71 253
ED 70 49 82
ED 71 91 225
ED 71 72 230
ED 71 90 192
ED 72 92 215
ED 72 73 247
ED 72 51 171
ED 73 93 152
ED 73 74 208
ED 73 92 126
ED 74 94 171
ED 74 75 167
ED 74 53 185
ED 75 95 215
ED 75 76 209
ED 75 94 169
ED 76 96 203
ED 76 77 206
ED 76 55 239
ED 77 97 147
ED 77 78 252
ED 77 96 98
ED 78 98 195
ED 78 79 207
ED 78 57 155
ED 79 99 248
ED 79 98 139
ED 80 100 175
ED 80 81 181
ED 81 101 228
ED 81 82 166
ED 81 100 150
ED 82 102 202
ED 82 83 246
ED 82 61 149
ED 83 103 244
ED 83 84 164
ED 83 102 205
ED 84 104 149
ED 84 85 192
ED 84 63 154
ED 85 105 244
ED 85 86 136
ED 85 104 194
ED 86 106 175
ED 86 87 187
ED 86 65 198
ED 87 107 149
ED 87 88 208
ED 87 106 103
ED 88 108 201
ED 88 89 222
ED 88 67 173
ED 89 109 186
ED 89 90 198
ED 89 108 129
ED 90 110 200
ED 90 91 169
ED 90 69 165
ED 91 111 193
ED 91 92 287
ED 91 110 144
ED 92 112 256
ED 92 93 170
ED 92 71 177
ED 93 113 250
ED 93 94 217
ED 93 112 192
ED 94 114 189
ED 94 95 164
ED 94 73 167
ED 95 115 187
ED 95 96 232
ED 95 114 130
ED 96 116 197
ED 96 97 188
ED 96 75 165
ED 97 117 256
ED 97 98 199
ED 97 116 180
ED 98 118 272
ED 98 99 255
ED 98 77 166
ED 99 119 176
ED 99 118 200
ED 100 120 232
ED 100 101 209
ED 101 121 174
ED 101 102 223
ED 101 120 146
ED 102 122 181
ED 102 103 247
ED 102 81 146
ED 103 123 155
ED 103 104 240
ED 103 122 150
ED 104 124 256
ED 104 105 254
ED 104 83 125
ED 105 125 159
ED 105 106 205
ED 105 124 198
ED 106 126 173
ED 106 107 154
ED 106 85 181
ED 107 127 235
ED 107 108 217
ED 107 126 152
ED 108 128 189
ED 108 109 167
ED 108 87 212
ED 109 129 236
ED 109 110 195
ED 109 128 140
ED 110 130 126
ED 110 111 202
ED 110 89 161
ED 111 131 229
ED 111 112 175
ED 111 130 146
ED 112 132 184
ED 112 113 206
ED 112 91 189
ED 113 133 155
ED 113 114 248
ED 113 132 162
ED 114 134 213
ED 114 115 164
ED 114 93 196
ED 115 135 226
ED 115 116 206
ED 115 134 137
ED 116 136 226
ED 116 117 244
ED 116 95 166
ED 117 137 132
ED 117 118 184
ED 117 136 136
ED 118 138 158
ED 118 119 194
ED 118 97 157
ED 119 139 211
ED 119 138 123
ED 120 140 170
ED 120 121 234
ED 121 141 249
ED 121 122 184
ED 121 140 174
ED 122 142 233
ED 122 123 199
ED 122 101 197
ED 123 143 171
ED 123 124 180
ED 123 142 195
ED 124 144 174
ED 124 125 154
ED 124 103 145
ED 125 145 204
ED 125 126 201
ED 125 144 161
ED 126 146 240
ED 126 127 211
ED 126 105 117
ED 127 147 216
ED 127 128 236
ED 127 146 145
ED 128 148 175
ED 128 129 250
ED 128 107 189
ED 129 149 137
ED 129 130 254
ED 129 148 200
ED 130 150 251
ED 130 131 241
ED 130 109 181
ED 131 151 145
ED 131 132 232
ED 131 150 129
ED 132 152 162
ED 132 133 211
ED 132 111 149
ED 133 153 243
ED 133 134 194
ED 133 152 214
ED 134 154 197
ED 134 135 194
ED 134 113 191
ED 135 155 233
ED 135 136 192
ED 135 154 175
ED 136 156 199
ED 136 137 187
ED 136 115 204
ED 137 157 241
ED 137 138 187
ED 137 156 194
ED 138 158 186
ED 138 139 204
ED 138 117 175
ED 139 159 195
ED 139 158 125
ED 140 160 223
ED 140 141 207
ED 141 161 202
ED 141 142 214
ED 141 160 128
ED 142 162 194
ED 142 143 219
ED 142 121 131
ED 143 163 231
ED 143 144 168
ED 143 162 190
ED 144 164 227
ED 144 145 171
ED 144 123 178
ED 145 165 248
ED 145 146 159
ED 145 164 189
ED 146 166 203
ED 146 147 221
ED 146 125 184
ED 147 167 196
ED 147 148 224
ED 147 166 166
ED 148 168 206
ED 148 149 206
ED 148 127 167
ED 149 169 225
ED 149 150 185
ED 149 168 175
ED 150 170 227
ED 150 151 188
ED 150 129 120
ED 151 171 245
ED 151 152 183
ED 151 170 185
ED 152 172 246
ED 152 153 230
ED 152 131 147
ED 153 173 153
ED 153 154 251
ED 153 172 117
ED 154 174 234
ED 154 155 234
ED 154 133 161
ED 155 175 131
ED 155 156 217
ED 155 174 191
ED 156 176 226
ED 156 157 204
ED 156 135 157
ED 157 177 203
ED 157 158 235
ED 157 176 182
ED 158 178 272
ED 158 159 201
ED 158 137 162
ED 159 179 173
ED 159 178 192
ED 160 180 210
ED 160 161 224
ED 161 181 185
ED 161 162 229
ED 161 180 147
ED 162 182 232
ED 162 163 167
ED 162 141 209
ED 163 183 229
ED 163 164 204
ED 163 182 184
ED 164 184 144
ED 164 165 191
ED 164 143 186
ED 165 185 174
ED 165 166 189
ED 165 184 129
ED 166 186 162
ED 166 167 234
ED 166 145 179
ED 167 187 219
ED 167 168 196
ED 167 186 170
ED 168 188 211
ED 168 169 202
ED 168 147 128
ED 169 189 234
ED 169 170 216
ED 169 188 160
ED 170 190 198
ED 170 171 209
ED 170 149 213
ED 171 191 165
ED 171 172 199
ED 171 190 169
ED 172 192 170
ED 172 173 156
ED 172 151 193
ED 173 193 239
ED 173 174 165
ED 173 192 138
ED 174 194 142
ED 174 175 174
ED 174 153 198
ED 175 195 258
ED 175 176 170
ED 175 194 202
ED 176 196 174
ED 176 177 162
ED 176 155 151
ED 177 197 205
ED 177 178 176
ED 177 196 118
ED 178 198 136
ED 178 179 172
ED 178 157 137
ED 179 199 200
ED 179 198 152
ED 180 200 193
ED 180 181 210
ED 181 201 187
ED 181 182 158
ED 181 200 183
ED 182 202 187
ED 182 183 189
ED 182 161 158
ED 183 203 188
ED 183 184 273
ED 183 202 107
ED 184 204 231
ED 184 185 218
ED 184 163 205
ED 185 205 210
ED 185 186 190
ED 185 204 231
ED 186 206 196
ED 186 187 233
ED 186 165 154
ED 187 207 205
ED 187 188 212
ED 187 206 181
ED 188 208 215
ED 188 189 264
ED 188 167 89
ED 189 209 201
ED 189 190 199
ED 189 208 207
ED 190 210 178
ED 190 191 147
ED 190 169 233
ED 191 211 218
ED 191 192 236
ED 191 210 172
ED 192 212 205
ED 192 193 217
ED 192 171 160
ED 193 213 196
ED 193 194 184
ED 193 212 207
ED 194 214 239
ED 194 195 287
ED 194 173 142
ED 195 215 168
ED 195 196 206
ED 195 214 179
ED 196 216 196
ED 196 197 172
ED 196 175 205
ED 197 217 193
ED 197 198 235
ED 197 216 138
ED 198 218 252
ED 198 199 210
ED 198 177 156
ED 199 219 253
ED 199 218 154
ED 200 220 161
ED 200 201 176
ED 201 221 242
ED 201 202 247
ED 201 220 121
ED 202 222 164
ED 202 203 187
ED 202 181 187
ED 203 223 213
ED 203 204 170
ED 203 222 204
ED 204 224 173
ED 204 205 194
ED 204 183 147
ED 205 225 211
ED 205 206 210
ED 205 224 148
ED 206 226 253
ED 206 207 259
ED 206 185 83
ED 207 227 183
ED 207 208 219
ED 207 226 163
ED 208 228 224
ED 208 209 260
ED 208 187 125
ED 209 229 150
ED 209 210 189
ED 209 228 164
ED 210 230 220
ED 210 211 229
ED 210 189 134
ED 211 231 208
ED 211 212 182
ED 211 230 165
ED 212 232 215
ED 212 213 238
ED 212 191 157
ED 213 233 194
ED 213 214 197
ED 213 232 182
ED 214 234 172
ED 214 215 147
ED 214 193 151
ED 215 235 219
ED 215 216 209
ED 215 234 121
ED 216 236 172
ED 216 217 221
ED 216 195 119
ED 217 237 228
ED 217 218 194
ED 217 236 195
ED 218 238 177
ED 218 219 175
ED 218 197 216
ED 219 239 189
ED 219 238 99
ED 220 240 225
ED 220 221 234
ED 221 241 139
ED 221 222 257
ED 221 240 147
ED 222 242 251
ED 222 223 227
ED 222 201 165
ED 223 243 186
ED 223 224 237
ED 223 242 119
ED 224 244 221
ED 224 225 223
ED 224 203 105
ED 225 245 240
ED 225 226 173
ED 225 244 136
ED 226 246 179
ED 226 227 241
ED 226 205 173
ED 227 247 187
ED 227 228 201
ED 227 246 157
ED 228 248 146
ED 228 229 162
ED 228 207 208
ED 229 249 250
ED 229 230 199
ED 229 248 169
ED 230 250 195
ED 230 231 171
ED 230 209 177
ED 231 251 221
ED 231 232 199
ED 231 250 168
ED 232 252 159
ED 232 233 187
ED 232 211 134
ED 233 253 227
ED 233 234 241
ED 233 252 108
ED 234 254 188
ED 234 235 202
ED 234 213 164
ED 235 255 248
ED 235 236 194
ED 235 254 194
ED 236 256 227
ED 236 237 223
ED 236 215 171
ED 237 257 190
ED 237 238 275
ED 237 256 137
ED 238 258 194
ED 238 239 198
ED 238 217 173
ED 239 259 234
ED 239 258 198
ED 240 260 242
ED 240 241 199
ED 241 261 240
ED 241 242 218
ED 241 260 146
ED 242 262 196
ED 242 243 183
ED 242 221 215
ED 243 263 183
ED 243 244 193
ED 243 262 189
ED 244 264 210
ED 244 245 226
ED 244 223 195
ED 245 265 174
ED 245 246 249
ED 245 264 180
ED 246 266 225
ED 246 247 178
ED 246 225 190
ED 247 267 178
ED 247 248 242
ED 247 266 122
ED 248 268 256
ED 248 249 232
ED 248 227 136
ED 249 269 210
ED 249 250 225
ED 249 268 167
ED 250 270 143
ED 250 251 229
ED 250 229 184
ED 251 271 173
ED 251 252 255
ED 251 270 164
ED 252 272 221
ED 252 253 222
ED 252 231 171
ED 253 273 169
ED 253 254 240
ED 253 272 160
ED 254 274 251
ED 254 255 298
ED 254 233 146
ED 255 275 144
ED 255 256 200
ED 255 274 163
ED 256 276 159
ED 256 257 205
ED 256 235 137
ED 257 277 185
ED 257 258 218
ED 257 276 159
ED 258 278 194
ED 258 259 245
ED 258 237 155
ED 259 279 152
ED 259 278 144
ED 260 280 160
ED 260 261 179
ED 261 281 228
ED 261 262 196
ED 261 280 155
ED 262 282 158
ED 262 263 199
ED 262 241 206
ED 263 283 245
ED 263 264 142
ED 263 282 218
ED 264 284 229
ED 264 265 257
ED 264 243 117
ED 265 285 207
ED 265 266 204
ED 265 284 220
ED 266 286 217
ED 266 267 127
ED 266 245 195
ED 267 287 200
ED 267 268 183
ED 267 286 176
ED 268 288 192
ED 268 269 199
ED 268 247 180
ED 269 289 198
ED 269 270 292
ED 269 288 84
ED 270 290 209
ED 270 271 207
ED 270 249 187
ED 271 291 204
ED 271 272 212
ED 271 290 139
ED 272 292 241
ED 272 273 241
ED 272 251 90
ED 273 293 224
ED 273 274 202
ED 273 292 189
ED 274 294 150
ED 274 275 129
ED 274 253 203
ED 275 295 261
ED 275 276 209
ED 275 294 98
ED 276 296 228
ED 276 277 263
ED 276 255 84
ED 277 297 199
ED 277 278 177
ED 277 296 153
ED 278 298 256
ED 278 279 244
ED 278 257 138
ED 279 299 249
ED 279 298 215
ED 280 300 244
ED 280 281 254
ED 281 301 198
ED 281 282 227
ED 281 300 173
ED 282 302 223
ED 282 283 266
ED 282 261 109
ED 283 303 226
ED 283 284 170
ED 283 302 150
ED 284 304 160
ED 284 285 249
ED 284 263 148
ED 285 305 197
ED 285 286 161
ED 285 304 191
ED 286 306 163
ED 286 287 180
ED 286 265 142
ED 287 307 267
ED 287 288 215
ED 287 306 189
ED 288 308 164
ED 288 289 184
ED 288 267 240
ED 289 309 206
ED 289 290 261
ED 289 308 123
ED 290 310 217
ED 290 291 246
ED 290 269 187
ED 291 311 244
ED 291 292 159
ED 291 310 183
ED 292 312 170
ED 292 293 203
ED 292 271 177
ED 293 313 218
ED 293 294 268
ED 293 312 116
ED 294 314 277
ED 294 295 232
ED 294 273 182
ED 295 315 184
ED 295 296 255
ED 295 314 165
ED 296 316 244
ED 296 297 177
ED 296 275 228
ED 297 317 252
ED 297 298 157
ED 297 316 165
ED 298 318 193
ED 298 299 221
ED 298 277 137
ED 299 319 186
ED 299 318 133
ED 300 320 219
ED 300 301 220
ED 301 321 180
ED 301 302 232
ED 301 320 144
ED 302 322 242
ED 302 303 259
ED 302 281 137
ED 303 323 199
ED 303 304 224
ED 303 322 156
ED 304 324 252
ED 304 305 231
ED 304 283 141
ED 305 325 207
ED 305 306 199
ED 305 324 173
ED 306 326 186
ED 306 307 236
ED 306 285 106
ED 307 327 171
ED 307 308 275
ED 307 326 120
ED 308 328 270
ED 308 309 260
ED 308 287 168
ED 309 329 197
ED 309 310 230
ED 309 328 194
ED 310 330 240
ED 310 311 211
ED 310 289 185
ED 311 331 168
ED 311 312 283
ED 311 330 118
ED 312 332 181
ED 312 313 229
ED 312 291 155
ED 313 333 146
ED 313 314 188
ED 313 332 143
ED 314 334 135
ED 314 315 203
ED 314 293 184
ED 315 335 226
ED 315 316 179
ED 315 334 181
ED 316 336 152
ED 316 317 216
ED 316 295 167
ED 317 337 166
ED 317 318 208
ED 317 336 174
ED 318 338 146
ED 318 319 189
ED 318 297 193
ED 319 339 159
ED 319 338 160
ED 320 340 182
ED 320 321 164
ED 321 341 182
ED 321 322 212
ED 321 340 198
ED 322 342 209
ED 322 323 165
ED 322 301 174
ED 323 343 197
ED 323 324 228
ED 323 342 131
ED 324 344 192
ED 324 325 200
ED 324 303 136
ED 325 345 218
ED 325 326 227
ED 325 344 149
ED 326 346 226
ED 326 327 209
ED 326 305 155
ED 327 347 200
ED 327 328 195
ED 327 346 147
ED 328 348 177
ED 328 329 205
ED 328 307 174
ED 329 349 201
ED 329 330 220
ED 329 348 173
ED 330 350 189
ED 330 331 173
ED 330 309 161
ED 331 351 168
ED 331 332 240
ED 331 350 192
ED 332 352 255
ED 332 333 174
ED 332 311 204
ED 333 353 244
ED 333 334 221
ED 333 352 156
ED 334 354 233
ED 334 335 225
ED 334 313 133
ED 335 355 215
ED 335 336 256
ED 335 354 148
ED 336 356 244
ED 336 337 229
ED 336 315 118
ED 337 357 185
ED 337 338 213
ED 337 356 204
ED 338 358 215
ED 338 339 222
ED 338 317 105
ED 339 359 261
ED 339 358 130
ED 340 360 172
ED 340 341 246
ED 341 361 211
ED 341 342 156
ED 341 360 154
ED 342 362 133
ED 342 343 196
ED 342 321 167
ED 343 363 213
ED 343 344 224
ED 343 362 136
ED 344 364 164
ED 344 345 164
ED 344 323 223
ED 345 365 164
ED 345 346 241
ED 345 364 76
ED 346 366 180
ED 346 347 200
ED 346 325 134
ED 347 367 217
ED 347 348 203
ED 347 366 154
ED 348 368 194
ED 348 349 219
ED 348 327 171
ED 349 369 164
ED 349 350 208
ED 349 368 156
ED 350 370 154
ED 350 351 197
ED 350 329 143
ED 351 371 259
ED 351 352 176
ED 351 370 205
ED 352 372 159
ED 352 353 165
ED 352 331 177
ED 353 373 161
ED 353 354 218
ED 353 372 129
ED 354 374 156
ED 354 355 218
ED 354 333 182
ED 355 375 180
ED 355 356 226
ED 355 374 130
ED 356 376 162
ED 356 357 240
ED 356 335 158
ED 357 377 237
ED 357 358 193
ED 357 376 215
ED 358 378 197
ED 358 359 235
ED 358 337 156
ED 359 379 165
ED 359 378 132
ED 360 380 205
ED 360 361 236
ED 361 381 235
ED 361 362 216
ED 361 380 150
ED 362 382 264
ED 362 363 251
ED 362 341 141
ED 363 383 145
ED 363 364 257
ED 363 382 178
ED 364 384 202
ED 364 365 170
ED 364 343 189
ED 365 385 204
ED 365 366 206
ED 365 384 130
ED 366 386 253
ED 366 367 259
ED 366 345 165
ED 367 387 206
ED 367 368 196
ED 367 386 216
ED 368 388 181
ED 368 369 203
ED 368 347 174
ED 369 389 205
ED 369 370 198
ED 369 388 154
ED 370 390 268
ED 370 371 288
ED 370 349 125
ED 371 391 176
ED 371 372 214
ED 371 390 181
ED 372 392 234
ED 372 373 189
ED 372 351 145
ED 373 393 211
ED 373 374 221
ED 373 392 171
ED 374 394 217
ED 374 375 246
ED 374 353 167
ED 375 395 223
ED 375 376 234
ED 375 394 137
ED 376 396 228
ED 376 377 221
ED 376 355 171
ED 377 397 225
ED 377 378 247
ED 377 396 123
ED 378 398 250
ED 378 379 249
ED 378 357 111
ED 379 399 181
ED 379 398 224
ED 380 381 253
ED 381 382 177
ED 382 383 212
ED 382 361 133
ED 383 384 184
ED 384 385 188
ED 384 363 159
ED 385 386 158
ED 386 387 231
ED 386 365 166
ED 387 388 238
ED 388 389 203
ED 388 367 147
ED 389 390 195
ED 390 391 153
ED 390 369 190
ED 391 392 189
ED 392 393 216
ED 392 371 105
ED 393 394 188
ED 394 395 275
ED 394 373 186
ED 395 396 212
ED 396 397 208
ED 396 375 192
ED 397 398 201
ED 398 399 208
ED 398 377 152
DM 1 339 1000 
ID 1 50 55 
ID 2 27 27 
ID 3 65 81 
ID 4 80 11 
ID 5 23 19 
ID 6 68 4 
ID 7 2 24 
ID 8 29 83 
SD 1 242
SD 2 29
SD 3 324
DCD 1 397
DCD 2 386
DCD 3 348
OD 1 374
OD 2 210
OD 3 11
