VC 400
EC 399
DMC 1
IC 7
SC 2
DCC 2
OC 3
NL 0
QN 1
ED 0 1 98
ED 1 2 140
ED 2 3 122
ED 3 4 40
ED 4 5 105
ED 5 6 137
ED 6 7 60
ED 7 8 148
ED 8 9 89
ED 9 10 93
ED 10 11 167
ED 11 12 100
ED 12 13 80
ED 13 14 66
ED 14 15 141
ED 15 16 123
ED 16 17 119
ED 17 18 36
ED 18 19 118
ED 19 20 125
ED 20 21 94
ED 21 22 124
ED 22 23 99
ED 23 24 81
ED 24 25 137
ED 25 26 83
ED 26 27 89
ED 27 28 100
ED 28 29 114
ED 29 30 121
ED 30 31 83
ED 31 32 132
ED 32 33 113
ED 33 34 100
ED 34 35 100
ED 35 36 88
ED 36 37 135
ED 37 38 102
ED 38 39 42
ED 39 40 164
ED 40 41 101
ED 41 42 41
ED 42 43 162
ED 43 44 79
ED 44 45 79
ED 45 46 127
ED 46 47 142
ED 47 48 55
ED 48 49 143
ED 49 50 95
ED 50 51 127
ED 51 52 87
ED 52 53 45
ED 53 54 150
ED 54 55 70
ED 55 56 133
ED 56 57 78
ED 57 58 154
ED 58 59 120
ED 59 60 113
ED 60 61 114
ED 61 62 80
ED 62 63 116
ED 63 64 71
ED 64 65 161
ED 65 66 123
ED 66 67 66
ED 67 68 101
ED 68 69 154
ED 69 70 126
ED 70 71 54
ED 71 72 129
ED 72 73 143
ED 73 74 53
ED 74 75 139
ED 75 76 82
ED 76 77 78
ED 77 78 99
ED 78 79 107
ED 79 80 157
ED 80 81 113
ED 81 82 128
ED 82 83 72
ED 83 84 88
ED 84 85 88
ED 85 86 155
ED 86 87 71
ED 87 88 131
ED 88 89 73
ED 89 90 107
ED 90 91 131
ED 91 92 132
ED 92 93 62
ED 93 94 134
ED 94 95 119
ED 95 96 105
ED 96 97 95
ED 97 98 107
ED 98 99 81
ED 99 100 139
ED 100 101 140
ED 101 102 42
ED 102 103 145
ED 103 104 77
ED 104 105 130
ED 105 106 54
ED 106 107 132
ED 107 108 100
ED 108 109 101
ED 109 110 140
ED 110 111 72
ED 111 112 180
ED 112 113 91
ED 113 114 67
ED 114 115 76
ED 115 116 136
ED 116 117 115
ED 117 118 102
ED 118 119 146
ED 119 120 58
ED 120 121 96
ED 121 122 118
ED 122 123 65
ED 123 124 174
ED 124 125 58
ED 125 126 89
ED 126 127 134
ED 127 128 103
ED 128 129 61
ED 129 130 154
ED 130 131 110
ED 131 132 115
ED 132 133 54
ED 133 134 165
ED 134 135 52
ED 135 136 150
ED 136 137 54
ED 137 138 117
ED 138 139 98
ED 139 140 107
ED 140 141 65
ED 141 142 129
ED 142 143 153
ED 143 144 79
ED 144 145 134
ED 145 146 82
ED 146 147 114
ED 147 148 84
ED 148 149 105
ED 149 150 141
ED 150 151 50
ED 151 152 124
ED 152 153 95
ED 153 154 149
ED 154 155 64
ED 155 156 107
ED 156 157 156
ED 157 158 61
ED 158 159 98
ED 159 160 86
ED 160 161 92
ED 161 162 152
ED 162 163 93
ED 163 164 72
ED 164 165 164
ED 165 166 41
ED 166 167 126
ED 167 168 111
ED 168 169 125
ED 169 170 66
ED 170 171 137
ED 171 172 115
ED 172 173 104
ED 173 174 79
ED 174 175 135
ED 175 176 85
ED 176 177 101
ED 177 178 136
ED 178 179 95
ED 179 180 114
ED 180 181 126
ED 181 182 62
ED 182 183 98
ED 183 184 108
ED 184 185 77
ED 185 186 124
ED 186 187 136
ED 187 188 101
ED 188 189 70
ED 189 190 135
ED 190 191 103
ED 191 192 88
ED 192 193 149
ED 193 194 105
ED 194 195 120
ED 195 196 90
ED 196 197 78
ED 197 198 106
ED 198 199 133
ED 199 200 90
ED 200 201 99
ED 201 202 127
ED 202 203 94
ED 203 204 109
ED 204 205 148
ED 205 206 57
ED 206 207 114
ED 207 208 88
ED 208 209 87
ED 209 210 112
ED 210 211 130
ED 211 212 91
ED 212 213 96
ED 213 214 123
ED 214 215 125
ED 215 216 54
ED 216 217 119
ED 217 218 106
ED 218 219 90
ED 219 220 71
ED 220 221 164
ED 221 222 98
ED 222 223 46
ED 223 224 125
ED 224 225 101
ED 225 226 93
ED 226 227 147
ED 227 228 88
ED 228 229 61
ED 229 230 116
ED 230 231 113
ED 231 232 130
ED 232 233 56
ED 233 234 158
ED 234 235 97
ED 235 236 107
ED 236 237 103
ED 237 238 80
ED 238 239 95
ED 239 240 81
ED 240 241 124
ED 241 242 134
ED 242 243 72
ED 243 244 153
ED 244 245 90
ED 245 246 123
ED 246 247 43
ED 247 248 135
ED 248 249 103
ED 249 250 119
ED 250 251 128
ED 251 252 81
ED 252 253 117
ED 253 254 65
ED 254 255 146
ED 255 256 82
ED 256 257 69
ED 257 258 146
ED 258 259 100
ED 259 260 96
ED 260 261 110
ED 261 262 116
ED 262 263 77
ED 263 264 114
ED 264 265 120
ED 265 266 105
ED 266 267 109
ED 267 268 114
ED 268 269 91
ED 269 270 108
ED 270 271 152
ED 271 272 86
ED 272 273 42
ED 273 274 168
ED 274 275 85
ED 275 276 89
ED 276 277 72
ED 277 278 134
ED 278 279 143
ED 279 280 60
ED 280 281 107
ED 281 282 111
ED 282 283 125
ED 283 284 87
ED 284 285 77
ED 285 286 155
ED 286 287 72
ED 287 288 131
ED 288 289 86
ED 289 290 93
ED 290 291 100
ED 291 292 99
ED 292 293 86
ED 293 294 134
ED 294 295 91
ED 295 296 155
ED 296 297 94
ED 297 298 79
ED 298 299 134
ED 299 300 100
ED 300 301 71
ED 301 302 85
ED 302 303 108
ED 303 304 117
ED 304 305 154
ED 305 306 93
ED 306 307 90
ED 307 308 105
ED 308 309 159
ED 309 310 33
ED 310 311 159
ED 311 312 65
ED 312 313 118
ED 313 314 142
ED 314 315 84
ED 315 316 114
ED 316 317 75
ED 317 318 99
ED 318 319 166
ED 319 320 64
ED 320 321 135
ED 321 322 53
ED 322 323 147
ED 323 324 61
ED 324 325 89
ED 325 326 108
ED 326 327 141
ED 327 328 47
ED 328 329 144
ED 329 330 76
ED 330 331 147
ED 331 332 101
ED 332 333 64
ED 333 334 77
ED 334 335 128
ED 335 336 122
ED 336 337 127
ED 337 338 74
ED 338 339 155
ED 339 340 80
ED 340 341 95
ED 341 342 171
ED 342 343 64
ED 343 344 80
ED 344 345 127
ED 345 346 162
ED 346 347 59
ED 347 348 140
ED 348 349 49
ED 349 350 113
ED 350 351 113
ED 351 352 123
ED 352 353 70
ED 353 354 154
ED 354 355 112
ED 355 356 78
ED 356 357 142
ED 357 358 88
ED 358 359 66
ED 359 360 139
ED 360 361 65
ED 361 362 132
ED 362 363 133
ED 363 364 66
ED 364 365 145
ED 365 366 63
ED 366 367 129
ED 367 368 87
ED 368 369 61
ED 369 370 146
ED 370 371 113
ED 371 372 45
ED 372 373 101
ED 373 374 121
ED 374 375 142
ED 375 376 32
ED 376 377 173
ED 377 378 88
ED 378 379 87
ED 379 380 109
ED 380 381 73
ED 381 382 89
ED 382 383 119
ED 383 384 114
ED 384 385 68
ED 385 386 156
ED 386 387 112
ED 387 388 96
ED 388 389 72
ED 389 390 109
ED 390 391 150
ED 391 392 99
ED 392 393 76
ED 393 394 138
ED 394 395 79
ED 395 396 154
ED 396 397 98
ED 397 398 88
ED 398 399 142
DM 1 144 1000 
ID 1 66 32 
ID 2 66 81 
ID 3 46 52 
ID 4 93 6 
ID 5 16 56 
ID 6 55 65 
ID 7 44 71 
SD 1 390
SD 2 212
DCD 1 233
DCD 2 226
OD 1 270
OD 2 309
OD 3 171
