VC 100
EC 180
DMC 1
IC 9
SC 3
DCC 4
OC 2
NL 0
QN 1
ED 0 10 12
ED 0 1 20
ED 1 11 29
ED 1 2 45
ED 2 12 74
ED 2 3 37
ED 3 13 18
ED 3 4 35
ED 4 14 21
ED 4 5 26
ED 5 15 88
ED 5 6 51
ED 6 16 53
ED 6 7 52
ED 7 17 53
ED 7 8 17
ED 8 18 5
ED 8 9 36
ED 9 19 23
ED 10 20 11
ED 10 11 20
ED 11 21 2
ED 11 12 13
ED 12 22 10
ED 12 13 61
ED 13 23 27
ED 13 14 26
ED 14 24 60
ED 14 15 62
ED 15 25 68
ED 15 16 71
ED 16 26 60
ED 16 17 60
ED 17 27 31
ED 17 18 72
ED 18 28 23
ED 18 19 29
ED 19 29 24
ED 20 30 5
ED 20 21 17
ED 21 31 42
ED 21 22 16
ED 22 32 87
ED 22 23 47
ED 23 33 16
ED 23 24 31
ED 24 34 63
ED 24 25 68
ED 25 35 42
ED 25 26 45
ED 26 36 30
ED 26 27 36
ED 27 37 36
ED 27 28 33
ED 28 38 12
ED 28 29 27
ED 29 39 34
ED 30 40 44
ED 30 31 32
ED 31 41 34
ED 31 32 69
ED 32 42 63
ED 32 33 57
ED 33 43 13
ED 33 34 40
ED 34 44 72
ED 34 35 45
ED 35 45 43
ED 35 36 24
ED 36 46 40
ED 36 37 7
ED 37 47 6
ED 37 38 60
ED 38 48 58
ED 38 39 13
ED 39 49 32
ED 40 50 90
ED 40 41 45
ED 41 51 24
ED 41 42 44
ED 42 52 96
ED 42 43 61
ED 43 53 22
ED 43 44 46
ED 44 54 35
ED 44 45 71
ED 45 55 9
ED 45 46 67
ED 46 56 59
ED 46 47 37
ED 47 57 64
ED 47 48 19
ED 48 58 52
ED 48 49 39
ED 49 59 29
ED 50 60 80
ED 50 51 67
ED 51 61 68
ED 51 52 68
ED 52 62 44
ED 52 53 48
ED 53 63 53
ED 53 54 46
ED 54 64 74
ED 54 55 51
ED 55 65 33
ED 55 56 56
ED 56 66 50
ED 56 57 9
ED 57 67 62
ED 57 58 68
ED 58 68 10
ED 58 59 17
ED 59 69 34
ED 60 70 57
ED 60 61 85
ED 61 71 51
ED 61 62 45
ED 62 72 60
ED 62 63 36
ED 63 73 30
ED 63 64 74
ED 64 74 36
ED 64 65 13
ED 65 75 48
ED 65 66 33
ED 66 76 17
ED 66 67 52
ED 67 77 73
ED 67 68 60
ED 68 78 48
ED 68 69 52
ED 69 79 47
ED 70 80 64
ED 70 71 21
ED 71 81 13
ED 71 72 42
ED 72 82 47
ED 72 73 37
ED 73 83 44
ED 73 74 31
ED 74 84 39
ED 74 75 47
ED 75 85 24
ED 75 76 22
ED 76 86 47
ED 76 77 39
ED 77 87 31
ED 77 78 39
ED 78 88 44
ED 78 79 34
ED 79 89 51
ED 80 90 75
ED 80 81 32
ED 81 91 21
ED 81 82 21
ED 82 92 12
ED 82 83 44
ED 83 93 5
ED 83 84 36
ED 84 94 31
ED 84 85 20
ED 85 95 52
ED 85 86 58
ED 86 96 47
ED 86 87 46
ED 87 97 36
ED 87 88 29
ED 88 98 37
ED 88 89 45
ED 89 99 16
ED 90 91 60
ED 91 92 42
ED 92 93 52
ED 93 94 12
ED 94 95 50
ED 95 96 72
ED 96 97 71
ED 97 98 30
ED 98 99 67
DM 1 96 1000 
ID 1 81 61 
ID 2 30 3 
ID 3 58 38 
ID 4 70 93 
ID 5 4 20 
ID 6 59 77 
ID 7 64 94 
ID 8 92 90 
ID 9 18 64 
SD 1 26
SD 2 2
SD 3 15
DCD 1 76
DCD 2 79
DCD 3 55
DCD 4 80
OD 1 75
OD 2 40
