VC 25
EC 56
DMC 1
IC 8
SC 2
DCC 3
OC 2
NL 0
QN 1
ED 0 5 261
ED 0 1 187
ED 1 6 175
ED 1 2 230
ED 1 5 167
ED 2 7 142
ED 2 3 180
ED 3 8 186
ED 3 4 168
ED 3 7 185
ED 4 9 192
ED 5 10 133
ED 5 6 201
ED 6 11 266
ED 6 7 189
ED 6 10 208
ED 7 12 247
ED 7 8 231
ED 7 1 161
ED 8 13 218
ED 8 9 202
ED 8 12 204
ED 9 14 190
ED 9 3 181
ED 10 15 204
ED 10 11 265
ED 11 16 157
ED 11 12 217
ED 11 15 146
ED 12 17 197
ED 12 13 208
ED 12 6 140
ED 13 18 185
ED 13 14 225
ED 13 17 165
ED 14 19 191
ED 14 8 186
ED 15 20 251
ED 15 16 258
ED 16 21 204
ED 16 17 143
ED 16 20 226
ED 17 22 183
ED 17 18 215
ED 17 11 157
ED 18 23 239
ED 18 19 179
ED 18 22 136
ED 19 24 208
ED 19 13 172
ED 20 21 202
ED 21 22 224
ED 22 23 191
ED 22 16 160
ED 23 24 249
ED 24 18 173
DM 1 9 1000 
ID 1 47 54 
ID 2 83 82 
ID 3 54 64 
ID 4 7 25 
ID 5 57 7 
ID 6 57 7 
ID 7 9 7 
ID 8 73 48 
SD 1 23
SD 2 12
DCD 1 16
DCD 2 25
DCD 3 12
OD 1 8
OD 2 17
