VC 400
EC 760
DMC 1
IC 8
SC 2
DCC 2
OC 4
NL 0
QN 1
ED 0 20 62
ED 0 1 35
ED 1 21 50
ED 1 2 56
ED 2 22 57
ED 2 3 44
ED 3 23 30
ED 3 4 29
ED 4 24 16
ED 4 5 5
ED 5 25 8
ED 5 6 12
ED 6 26 28
ED 6 7 26
ED 7 27 67
ED 7 8 67
ED 8 28 59
ED 8 9 79
ED 9 29 14
ED 9 10 70
ED 10 30 37
ED 10 11 25
ED 11 31 27
ED 11 12 48
ED 12 32 36
ED 12 13 38
ED 13 33 55
ED 13 14 10
ED 14 34 54
ED 14 15 7
ED 15 35 13
ED 15 16 14
ED 16 36 23
ED 16 17 21
ED 17 37 71
ED 17 18 55
ED 18 38 52
ED 18 19 14
ED 19 39 49
ED 20 40 65
ED 20 21 52
ED 21 41 43
ED 21 22 46
ED 22 42 21
ED 22 23 19
ED 23 43 36
ED 23 24 42
ED 24 44 22
ED 24 25 21
ED 25 45 39
ED 25 26 30
ED 26 46 12
ED 26 27 36
ED 27 47 52
ED 27 28 56
ED 28 48 38
ED 28 29 25
ED 29 49 61
ED 29 30 30
ED 30 50 42
ED 30 31 20
ED 31 51 27
ED 31 32 8
ED 32 52 33
ED 32 33 28
ED 33 53 17
ED 33 34 33
ED 34 54 63
ED 34 35 45
ED 35 55 13
ED 35 36 11
ED 36 56 33
ED 36 37 44
ED 37 57 56
ED 37 38 68
ED 38 58 16
ED 38 39 75
ED 39 59 28
ED 40 60 5
ED 40 41 39
ED 41 61 23
ED 41 42 23
ED 42 62 48
ED 42 43 40
ED 43 63 15
ED 43 44 43
ED 44 64 29
ED 44 45 47
ED 45 65 52
ED 45 46 40
ED 46 66 57
ED 46 47 25
ED 47 67 3
ED 47 48 37
ED 48 68 59
ED 48 49 20
ED 49 69 46
ED 49 50 47
ED 50 70 21
ED 50 51 56
ED 51 71 64
ED 51 52 25
ED 52 72 45
ED 52 53 31
ED 53 73 47
ED 53 54 45
ED 54 74 60
ED 54 55 59
ED 55 75 43
ED 55 56 48
ED 56 76 23
ED 56 57 25
ED 57 77 40
ED 57 58 17
ED 58 78 69
ED 58 59 50
ED 59 79 24
ED 60 80 70
ED 60 61 43
ED 61 81 22
ED 61 62 54
ED 62 82 16
ED 62 63 17
ED 63 83 36
ED 63 64 15
ED 64 84 53
ED 64 65 21
ED 65 85 32
ED 65 66 68
ED 66 86 107
ED 66 67 37
ED 67 87 20
ED 67 68 33
ED 68 88 92
ED 68 69 100
ED 69 89 44
ED 69 70 14
ED 70 90 31
ED 70 71 8
ED 71 91 85
ED 71 72 25
ED 72 92 44
ED 72 73 57
ED 73 93 16
ED 73 74 86
ED 74 94 78
ED 74 75 47
ED 75 95 32
ED 75 76 4
ED 76 96 43
ED 76 77 37
ED 77 97 30
ED 77 78 47
ED 78 98 46
ED 78 79 51
ED 79 99 28
ED 80 100 32
ED 80 81 26
ED 81 101 48
ED 81 82 72
ED 82 102 64
ED 82 83 4
ED 83 103 58
ED 83 84 61
ED 84 104 26
ED 84 85 57
ED 85 105 29
ED 85 86 19
ED 86 106 21
ED 86 87 93
ED 87 107 55
ED 87 88 82
ED 88 108 2
ED 88 89 42
ED 89 109 65
ED 89 90 50
ED 90 110 49
ED 90 91 67
ED 91 111 65
ED 91 92 24
ED 92 112 24
ED 92 93 38
ED 93 113 51
ED 93 94 21
ED 94 114 70
ED 94 95 38
ED 95 115 10
ED 95 96 77
ED 96 116 44
ED 96 97 66
ED 97 117 40
ED 97 98 16
ED 98 118 35
ED 98 99 29
ED 99 119 36
ED 100 120 33
ED 100 101 21
ED 101 121 51
ED 101 102 33
ED 102 122 12
ED 102 103 21
ED 103 123 46
ED 103 104 16
ED 104 124 45
ED 104 105 37
ED 105 125 26
ED 105 106 27
ED 106 126 31
ED 106 107 29
ED 107 127 71
ED 107 108 36
ED 108 128 13
ED 108 109 67
ED 109 129 53
ED 109 110 72
ED 110 130 17
ED 110 111 44
ED 111 131 39
ED 111 112 37
ED 112 132 57
ED 112 113 40
ED 113 133 70
ED 113 114 67
ED 114 134 46
ED 114 115 73
ED 115 135 55
ED 115 116 48
ED 116 136 40
ED 116 117 20
ED 117 137 24
ED 117 118 24
ED 118 138 69
ED 118 119 10
ED 119 139 16
ED 120 140 69
ED 120 121 69
ED 121 141 44
ED 121 122 55
ED 122 142 5
ED 122 123 44
ED 123 143 18
ED 123 124 61
ED 124 144 56
ED 124 125 16
ED 125 145 39
ED 125 126 58
ED 126 146 50
ED 126 127 75
ED 127 147 96
ED 127 128 47
ED 128 148 51
ED 128 129 36
ED 129 149 16
ED 129 130 14
ED 130 150 78
ED 130 131 16
ED 131 151 16
ED 131 132 53
ED 132 152 12
ED 132 133 49
ED 133 153 42
ED 133 134 49
ED 134 154 38
ED 134 135 20
ED 135 155 28
ED 135 136 46
ED 136 156 63
ED 136 137 57
ED 137 157 67
ED 137 138 69
ED 138 158 85
ED 138 139 71
ED 139 159 25
ED 140 160 34
ED 140 141 36
ED 141 161 20
ED 141 142 12
ED 142 162 60
ED 142 143 52
ED 143 163 34
ED 143 144 38
ED 144 164 59
ED 144 145 21
ED 145 165 30
ED 145 146 33
ED 146 166 43
ED 146 147 71
ED 147 167 65
ED 147 148 77
ED 148 168 14
ED 148 149 61
ED 149 169 62
ED 149 150 78
ED 150 170 35
ED 150 151 66
ED 151 171 39
ED 151 152 51
ED 152 172 49
ED 152 153 11
ED 153 173 28
ED 153 154 33
ED 154 174 41
ED 154 155 35
ED 155 175 23
ED 155 156 76
ED 156 176 67
ED 156 157 58
ED 157 177 39
ED 157 158 57
ED 158 178 22
ED 158 159 70
ED 159 179 72
ED 160 180 11
ED 160 161 28
ED 161 181 38
ED 161 162 41
ED 162 182 43
ED 162 163 47
ED 163 183 15
ED 163 164 68
ED 164 184 67
ED 164 165 83
ED 165 185 95
ED 165 166 71
ED 166 186 51
ED 166 167 29
ED 167 187 2
ED 167 168 42
ED 168 188 9
ED 168 169 40
ED 169 189 14
ED 169 170 22
ED 170 190 13
ED 170 171 51
ED 171 191 34
ED 171 172 39
ED 172 192 37
ED 172 173 38
ED 173 193 39
ED 173 174 31
ED 174 194 35
ED 174 175 52
ED 175 195 54
ED 175 176 42
ED 176 196 56
ED 176 177 14
ED 177 197 48
ED 177 178 11
ED 178 198 3
ED 178 179 52
ED 179 199 77
ED 180 200 77
ED 180 181 8
ED 181 201 76
ED 181 182 28
ED 182 202 8
ED 182 183 7
ED 183 203 46
ED 183 184 12
ED 184 204 23
ED 184 185 73
ED 185 205 65
ED 185 186 55
ED 186 206 70
ED 186 187 23
ED 187 207 28
ED 187 188 36
ED 188 208 63
ED 188 189 29
ED 189 209 55
ED 189 190 22
ED 190 210 27
ED 190 191 30
ED 191 211 49
ED 191 192 15
ED 192 212 14
ED 192 193 70
ED 193 213 78
ED 193 194 36
ED 194 214 7
ED 194 195 43
ED 195 215 32
ED 195 196 71
ED 196 216 21
ED 196 197 71
ED 197 217 40
ED 197 198 51
ED 198 218 25
ED 198 199 24
ED 199 219 4
ED 200 220 7
ED 200 201 23
ED 201 221 47
ED 201 202 47
ED 202 222 45
ED 202 203 32
ED 203 223 48
ED 203 204 38
ED 204 224 17
ED 204 205 15
ED 205 225 41
ED 205 206 44
ED 206 226 35
ED 206 207 76
ED 207 227 64
ED 207 208 61
ED 208 228 52
ED 208 209 10
ED 209 229 54
ED 209 210 66
ED 210 230 15
ED 210 211 51
ED 211 231 12
ED 211 212 52
ED 212 232 72
ED 212 213 74
ED 213 233 45
ED 213 214 70
ED 214 234 5
ED 214 215 27
ED 215 235 26
ED 215 216 36
ED 216 236 27
ED 216 217 64
ED 217 237 47
ED 217 218 56
ED 218 238 65
ED 218 219 36
ED 219 239 54
ED 220 240 64
ED 220 221 59
ED 221 241 63
ED 221 222 72
ED 222 242 77
ED 222 223 30
ED 223 243 42
ED 223 224 29
ED 224 244 36
ED 224 225 34
ED 225 245 87
ED 225 226 1
ED 226 246 54
ED 226 227 68
ED 227 247 67
ED 227 228 55
ED 228 248 49
ED 228 229 16
ED 229 249 24
ED 229 230 7
ED 230 250 60
ED 230 231 42
ED 231 251 17
ED 231 232 26
ED 232 252 13
ED 232 233 33
ED 233 253 75
ED 233 234 62
ED 234 254 56
ED 234 235 40
ED 235 255 80
ED 235 236 49
ED 236 256 30
ED 236 237 6
ED 237 257 39
ED 237 238 31
ED 238 258 57
ED 238 239 52
ED 239 259 37
ED 240 260 70
ED 240 241 63
ED 241 261 35
ED 241 242 62
ED 242 262 72
ED 242 243 56
ED 243 263 35
ED 243 244 35
ED 244 264 43
ED 244 245 18
ED 245 265 53
ED 245 246 72
ED 246 266 25
ED 246 247 58
ED 247 267 42
ED 247 248 12
ED 248 268 15
ED 248 249 9
ED 249 269 41
ED 249 250 69
ED 250 270 65
ED 250 251 71
ED 251 271 30
ED 251 252 21
ED 252 272 14
ED 252 253 61
ED 253 273 91
ED 253 254 69
ED 254 274 55
ED 254 255 12
ED 255 275 39
ED 255 256 11
ED 256 276 19
ED 256 257 55
ED 257 277 52
ED 257 258 20
ED 258 278 15
ED 258 259 66
ED 259 279 52
ED 260 280 29
ED 260 261 41
ED 261 281 12
ED 261 262 39
ED 262 282 78
ED 262 263 15
ED 263 283 44
ED 263 264 50
ED 264 284 70
ED 264 265 39
ED 265 285 47
ED 265 266 20
ED 266 286 42
ED 266 267 35
ED 267 287 26
ED 267 268 44
ED 268 288 30
ED 268 269 48
ED 269 289 31
ED 269 270 44
ED 270 290 29
ED 270 271 48
ED 271 291 56
ED 271 272 18
ED 272 292 29
ED 272 273 17
ED 273 293 107
ED 273 274 27
ED 274 294 62
ED 274 275 44
ED 275 295 43
ED 275 276 49
ED 276 296 13
ED 276 277 56
ED 277 297 30
ED 277 278 66
ED 278 298 54
ED 278 279 62
ED 279 299 55
ED 280 300 61
ED 280 281 51
ED 281 301 48
ED 281 282 31
ED 282 302 32
ED 282 283 66
ED 283 303 28
ED 283 284 15
ED 284 304 61
ED 284 285 52
ED 285 305 13
ED 285 286 63
ED 286 306 43
ED 286 287 60
ED 287 307 65
ED 287 288 32
ED 288 308 32
ED 288 289 12
ED 289 309 30
ED 289 290 17
ED 290 310 38
ED 290 291 46
ED 291 311 13
ED 291 292 44
ED 292 312 23
ED 292 293 64
ED 293 313 30
ED 293 294 28
ED 294 314 56
ED 294 295 59
ED 295 315 47
ED 295 296 14
ED 296 316 25
ED 296 297 54
ED 297 317 25
ED 297 298 21
ED 298 318 73
ED 298 299 7
ED 299 319 36
ED 300 320 19
ED 300 301 58
ED 301 321 59
ED 301 302 54
ED 302 322 27
ED 302 303 14
ED 303 323 34
ED 303 304 51
ED 304 324 65
ED 304 305 87
ED 305 325 73
ED 305 306 33
ED 306 326 42
ED 306 307 29
ED 307 327 39
ED 307 308 62
ED 308 328 48
ED 308 309 13
ED 309 329 36
ED 309 310 23
ED 310 330 27
ED 310 311 73
ED 311 331 34
ED 311 312 64
ED 312 332 5
ED 312 313 54
ED 313 333 23
ED 313 314 73
ED 314 334 58
ED 314 315 36
ED 315 335 37
ED 315 316 36
ED 316 336 6
ED 316 317 72
ED 317 337 48
ED 317 318 74
ED 318 338 76
ED 318 319 40
ED 319 339 16
ED 320 340 26
ED 320 321 38
ED 321 341 40
ED 321 322 78
ED 322 342 53
ED 322 323 57
ED 323 343 75
ED 323 324 50
ED 324 344 12
ED 324 325 64
ED 325 345 72
ED 325 326 2
ED 326 346 46
ED 326 327 44
ED 327 347 30
ED 327 328 51
ED 328 348 44
ED 328 329 46
ED 329 349 16
ED 329 330 74
ED 330 350 14
ED 330 331 37
ED 331 351 16
ED 331 332 30
ED 332 352 37
ED 332 333 43
ED 333 353 46
ED 333 334 57
ED 334 354 20
ED 334 335 70
ED 335 355 51
ED 335 336 79
ED 336 356 52
ED 336 337 34
ED 337 357 41
ED 337 338 49
ED 338 358 76
ED 338 339 39
ED 339 359 36
ED 340 360 48
ED 340 341 50
ED 341 361 66
ED 341 342 26
ED 342 362 51
ED 342 343 48
ED 343 363 31
ED 343 344 48
ED 344 364 65
ED 344 345 63
ED 345 365 94
ED 345 346 80
ED 346 366 30
ED 346 347 35
ED 347 367 42
ED 347 348 23
ED 348 368 26
ED 348 349 5
ED 349 369 39
ED 349 350 79
ED 350 370 49
ED 350 351 38
ED 351 371 32
ED 351 352 22
ED 352 372 33
ED 352 353 21
ED 353 373 69
ED 353 354 57
ED 354 374 29
ED 354 355 8
ED 355 375 13
ED 355 356 18
ED 356 376 11
ED 356 357 41
ED 357 377 67
ED 357 358 74
ED 358 378 55
ED 358 359 43
ED 359 379 44
ED 360 380 30
ED 360 361 52
ED 361 381 30
ED 361 362 72
ED 362 382 36
ED 362 363 56
ED 363 383 24
ED 363 364 48
ED 364 384 48
ED 364 365 82
ED 365 385 38
ED 365 366 38
ED 366 386 21
ED 366 367 31
ED 367 387 39
ED 367 368 61
ED 368 388 21
ED 368 369 39
ED 369 389 25
ED 369 370 31
ED 370 390 31
ED 370 371 55
ED 371 391 17
ED 371 372 28
ED 372 392 34
ED 372 373 16
ED 373 393 5
ED 373 374 63
ED 374 394 29
ED 374 375 42
ED 375 395 29
ED 375 376 28
ED 376 396 38
ED 376 377 49
ED 377 397 31
ED 377 378 5
ED 378 398 11
ED 378 379 31
ED 379 399 43
ED 380 381 15
ED 381 382 52
ED 382 383 29
ED 383 384 29
ED 384 385 14
ED 385 386 21
ED 386 387 51
ED 387 388 46
ED 388 389 45
ED 389 390 66
ED 390 391 26
ED 391 392 9
ED 392 393 21
ED 393 394 42
ED 394 395 54
ED 395 396 59
ED 396 397 21
ED 397 398 23
ED 398 399 59
DM 1 258 1000 
ID 1 41 11 
ID 2 45 54 
ID 3 24 92 
ID 4 68 27 
ID 5 64 77 
ID 6 99 37 
ID 7 57 58 
ID 8 81 38 
SD 1 36
SD 2 256
DCD 1 378
DCD 2 111
OD 1 115
OD 2 359
OD 3 127
OD 4 213
